Lc[0]  0.198244 -2.17232 -0.426203
Lc[1]  1.54871 -3.53409 -1.46244
Lc[2]  0.604283 3.10357 -0.726749
Lc[3]  -0.0341421 0.0265145 0.078747
Lc[4]  1.39173 0.101318 1.73643
Lc[5]  -1.65248 -4.63406 -4.20459
Lc[6]  -0.203957 -2.19539 -1.91981
Lc[7]  -24.1437 4.41697 -15.594
Lc[8]  -7.02343 -1.39586 -10.3142
Lc[9]  -4.39906 -0.0238829 -2.53442
Lc[10]  5.55392 -7.72444 -0.485535
Lc[11]  -2.69133 -1.38158 -0.788133
Lc[12]  7.88179 -6.29114 -3.17663
Lc[13]  -0.860264 7.28128 -10.2581
Lc[14]  0.225839 0.750605 2.09895
Lc[15]  -3.48946 -7.89022 -13.8757
Lc[16]  -0.417917 0.0659152 -2.22356
Lc[17]  3.42761 -5.40525 -13.0047
Lc[18]  -1.28346 -0.774872 -4.01753
Lc[19]  -0.488978 -1.33694 0.195528
Lc[20]  -0.734973 -2.04103 -3.23354
Lc[21]  -10.0585 7.47445 -10.2519
Lc[22]  1.84585 -3.61985 -1.72147
Lc[23]  -1.00404 -2.70093 -7.77848
Lc[24]  -0.92103 -1.90055 -3.49984
Lc[25]  11.0487 10.5801 -16.3964
Lc[26]  -1.661 -1.25547 -5.71402
Lc[27]  0.303112 0.0978952 1.95085
Lc[28]  2.21511 -0.898873 2.93017
Lc[29]  1.40685 -4.63449 -4.13387
Lc[30]  -0.62558 -0.714778 -2.18314
Lc[31]  0.0720461 -0.428753 -0.400972
Lc[32]  -1.45881 -3.46977 -9.43337
Lc[33]  -12.3809 0.457763 -16.8424
Lc[34]  -2.76328 -3.26699 -1.78922
Lc[35]  0.163819 -5.82406 -4.57409
Lc[36]  -0.121258 -0.158371 -0.173851
Lc[37]  -0.828007 -1.57428 -2.95027
Lc[38]  -0.0467484 0.742889 1.55308
Lc[39]  0.216247 -5.45731 -7.10632
Lc[40]  1.07801 1.09661 6.91536
Lc[41]  1.05789 -6.62962 13.0673
Lc[42]  -1.79164 -1.25281 -0.662227
Lc[43]  -13.8059 -18.5152 -34.0206
Lc[44]  -0.448304 -0.0436215 -0.284561
Lc[45]  0.202068 -5.29763 13.2679
Lc[46]  -0.650692 3.97167 -3.99957
Lc[47]  -3.39736 4.71389 -6.06493
Lc[48]  -0.233237 0.283238 0.562192
Lc[49]  -0.150015 -2.56352 -4.26683
Lc[50]  -0.437198 2.25137 -3.18761
Lc[51]  0.379519 -4.04344 -2.58002
Lc[52]  -0.101313 1.71407 2.19673
Lc[53]  -0.1842 0.957513 3.61426
Lc[54]  2.55186 -5.89458 -4.74378
Lc[55]  -0.128689 -9.9092 -6.88565
Lc[56]  -0.142241 1.05468 19.2838
Lc[57]  1.18051 2.02155 -3.54772
Lc[58]  0.070648 0.938367 -0.866045
Lc[59]  -0.803628 3.87011 -6.04358
Lc[60]  0.668886 0.736612 0.890526
Lc[61]  -3.80262 5.6881 23.8762
Lc[62]  0.665826 1.81183 -2.54425
Lc[63]  1.0867 4.80517 -7.52078
Lc[64]  -2.42897 -1.59378 -0.820232
Lc[65]  2.61297 -3.30377 5.55268
Lc[66]  4.13916 -0.170166 2.42041
Lc[67]  -1.8627 -6.86176 -13.7072
Lc[68]  -2.25376 -1.25029 -0.7671
Lc[69]  0.653972 7.38883 15.0078
Lc[70]  -5.39116 11.099 7.79256
Lc[71]  -0.500578 -0.620009 1.46683
Lc[72]  3.20002 -3.13973 14.2337
Lc[73]  -1.31667 2.3325 -10.7231
Lc[74]  -1.66799 2.07463 -4.43141
Lc[75]  -1.2309 -1.00685 -3.18473
Lc[76]  0.949328 0.367299 -7.77579
Lc[77]  -0.0143427 2.34964 -7.24504
Lc[78]  -1.7762 -3.19033 -0.669953
Lc[79]  8.07148 1.42959 1.38654
Lc[80]  4.4968 1.53255 3.95207
Lc[81]  2.50723 -7.49417 -6.80583
Lc[82]  0.1675 -1.3662 -1.05203
Lc[83]  1.24924 -0.430821 -1.86206
Lc[84]  0.250042 0.538305 0.0208716
Lc[85]  -0.0646744 0.204775 0.0241671
Lc[86]  -5.50752 1.5051 5.72091
Lc[87]  -0.072855 0.402189 -0.269125
Lc[88]  7.59288 6.11384 -15.1997
Lc[89]  0.777136 1.02302 -1.97268
Lc[90]  0.956179 1.19607 -3.75595
Lc[91]  -1.10913 0.740836 -4.1625
Lc[92]  0.72237 0.443689 -0.321326
Lc[93]  1.78585 -0.629821 -12.7415
Lc[94]  2.07241 -3.28327 -6.23418
Lc[95]  -7.16892 -3.85375 -8.12862
Lc[96]  -1.50914 -3.11246 -3.82649
Lc[97]  -3.00285 -7.33485 -3.12763
Lc[98]  -4.8917 -10.3058 -6.85895
Lc[99]  -1.48513 -0.6687 -0.570858
Lc[100]  0.605025 0.553319 -3.49368
Lc[101]  1.6043 0.485332 11.4931
Lc[102]  -6.58745 4.53941 7.24565
Lc[103]  0.467797 -0.0150931 -0.266933
Lc[104]  -1.55662 2.83762 -11.3927
Lc[105]  6.05566 4.10716 -14.0377
Lc[106]  -7.54237 -15.7115 -22.6893
Lc[107]  2.30588 -2.2019 13.686
Lc[108]  -0.884886 1.13578 -9.6247
Lc[109]  -0.728273 -5.14139 -3.47942
Lc[110]  2.14417 0.477599 -4.05783
Lc[111]  -0.418974 0.398152 -3.27113
Lc[112]  31.8526 9.21932 7.44847
Lc[113]  -0.775166 -1.93459 6.3368
Lc[114]  5.33775 -0.635471 -29.6107
Lc[115]  0.705683 -1.38327 5.17283
Lc[116]  -0.0561725 -1.69236 -1.73826
Lc[117]  -4.47973 -3.60682 -1.00783
Lc[118]  4.56921 -0.0475023 15.5686
Lc[119]  0.739826 -0.12101 2.1191
Lc[120]  1.04048 1.96417 -6.36642
Lc[121]  -0.154369 -2.12343 8.23286
Lc[122]  8.95244 6.17069 -2.28075
Lc[123]  0.504668 -0.544032 -3.69631
Lc[124]  -0.468768 -1.69745 -7.82934
Lc[125]  -0.805613 -1.7401 -0.783652
Lc[126]  0.406462 -1.77928 0.527528
Lc[127]  -0.133857 -0.0913293 0.287636
Lc[128]  -0.954249 3.56208 -7.61933
Lc[129]  0.860236 -2.67794 -2.08595
Lc[130]  -1.86119 -4.10723 -3.81529
Lc[131]  0.465764 -2.50117 -0.426473
Lc[132]  -4.93684 -2.44164 13.4818
Lc[133]  0.699942 4.12243 -10.7334
Lc[134]  0.111466 0.903682 1.25534
Lc[135]  0.453204 -1.16649 -0.65469
Lc[136]  -7.76521 6.82004 -10.3396
Lc[137]  -0.0177345 -1.71908 -0.576202
Lc[138]  0.160018 0.583849 -2.51827
Lc[139]  0.0548317 -1.58417 -2.17448
Lc[140]  0.360857 -2.22619 -2.43726
Lc[141]  -0.0571427 1.06068 1.1122
Lc[142]  -0.977203 -3.32957 -6.99825
Lc[143]  -4.89615 -1.59174 -15.0622
Lc[144]  -0.245207 0.984742 -6.05732
Lc[145]  -0.669268 0.383108 -1.86994
Lc[146]  -0.461241 -0.163751 1.50244
Lc[147]  -0.654892 0.923702 -6.86267
Lc[148]  0.776237 -2.03361 -2.4173
Lc[149]  -0.0690015 -0.102784 -0.254282
Lc[150]  -8.86793 -12.0265 -24.9044
Lc[151]  -0.140506 -4.33907 -2.41056
Lc[152]  -0.481867 -1.43058 0.683407
Lc[153]  0.340936 1.1117 -0.711916
Lc[154]  -0.214307 -0.221679 0.45336
Lc[155]  0.338002 0.318268 -2.23249
Lc[156]  1.25973 -0.959156 4.90703
Lc[157]  0.53402 0.0902429 -1.97075
Lc[158]  -1.57732 0.279756 -5.13387
Lc[159]  -2.4239 -0.793556 0.713794
Lc[160]  7.01171 0.845573 10.1863
Lc[161]  0.936008 -3.65017 -6.11575
Lc[162]  -2.61531 -1.35965 -1.21579
Lc[163]  13.8974 -1.26408 -1.30645
Lc[164]  4.07863 1.96513 -2.14931
Lc[165]  0.177983 0.177705 -1.22475
Lc[166]  -0.00580319 0.0528818 -2.39417
Lc[167]  0.676912 -1.58229 -1.4232
Lc[168]  -0.111217 -2.18223 -1.34264
Lc[169]  -0.220158 -0.397951 0.205085
Lc[170]  1.65866 0.841117 -3.67142
Lc[171]  0.812728 2.46441 -9.90605
Lc[172]  -0.718739 -0.486044 2.79049
Lc[173]  0.137007 -0.345263 2.42796
Lc[174]  -0.0315622 -1.08894 -1.21805
Lc[175]  0.518966 1.61001 0.0187887
Lc[176]  1.97551 6.93363 14.0967
Lc[177]  -2.0122 -0.161956 -0.99331
Lc[178]  -0.568004 -1.27262 -0.359783
Lc[179]  -0.176743 -0.890921 0.194749
Lc[180]  2.19929 4.95534 4.5975
Lc[181]  0.84721 -2.53881 -0.596319
Lc[182]  -3.94411 1.90791 -5.16146
Lc[183]  -1.4048 -3.27406 12.8825
Lc[184]  0.482536 -0.0681679 1.8118
Lc[185]  -1.28827 0.451219 -5.27322
Lc[186]  -0.020515 -0.223931 -0.289864
Lc[187]  -0.398747 -0.949014 -1.75344
Lc[188]  -0.294411 0.606951 1.02371
Lc[189]  -2.26944 -3.24465 -6.76413
Lc[190]  0.048093 0.179221 -0.305205
Lc[191]  -0.149308 -0.136937 0.623362
Lc[192]  -1.29944 0.563447 -4.50726
Lc[193]  0.442982 -0.157089 1.19223
Lc[194]  -1.04858 -3.20308 12.8089
Lc[195]  -0.325802 -0.822619 1.87119
Lc[196]  -0.709152 -1.50758 -2.35895
Lc[197]  10.5839 -1.39715 -1.40064
Lc[198]  2.68027 8.62893 7.17281
Lc[199]  -3.37016 -6.89739 -7.50808
Lc[200]  1.01848 1.73771 -4.28011
Lc[201]  0.438554 -3.45736 -1.40264
Lc[202]  1.47019 0.777008 -8.97377
Lc[203]  -0.17327 -2.52298 -3.09388
Lc[204]  -0.244492 -3.59912 -4.61304
Lc[205]  1.88514 -0.619326 2.36185
Lc[206]  -1.23347 -1.49628 -1.02529
Lc[207]  0.317402 -1.45344 0.0528135
Lc[208]  -0.0264213 0.17959 1.38518
Lc[209]  -0.265981 0.323598 -4.60607
Lc[210]  -8.44685 -4.84419 14.0515
Lc[211]  -0.171574 -4.31061 -7.03651
Lc[212]  0.594807 0.527734 -1.7187
Lc[213]  1.52475 2.28132 -7.3335
Lc[214]  -0.749256 2.73396 -9.48169
Lc[215]  0.76031 -1.446 0.744182
Lc[216]  -0.0643782 0.108935 0.114146
Lc[217]  -6.90936 -0.551562 3.45593
Lc[218]  2.90233 -5.06332 -2.68944
Lc[219]  7.08597 -1.12742 0.535566
Lc[220]  -0.502024 -2.48293 -1.06611
Lc[221]  -0.95032 7.42833 -10.1345
Lc[222]  0.430712 -0.63532 3.64403
Lc[223]  1.63735 0.567074 -6.7849
Lc[224]  -0.538584 0.499004 -2.38203
Lc[225]  0.297173 -0.142163 2.04012
Lc[226]  1.04138 -3.00192 -3.02965
Lc[227]  -5.00317 -0.760744 2.90552
Lc[228]  -1.3093 -0.813992 0.473336
Lc[229]  0.159749 0.937625 -1.74334
Lc[230]  0.497499 0.31572 -5.28921
Lc[231]  -0.0168872 -2.0991 -0.0993592
Lc[232]  0.166281 0.0611814 -0.51632
Lc[233]  0.031953 -0.100496 -7.84033
Lc[234]  -2.57127 -3.42657 -5.92216
Lc[235]  1.36041 -0.373222 2.62941
Lc[236]  -1.92257 -2.90057 -6.57986
Lc[237]  -0.143107 0.484163 0.212163
Lc[238]  4.02526 -14.3763 -10.48
Lc[239]  2.94355 -4.57243 -2.11116
Lc[240]  -0.120031 0.0359712 -0.391239
Lc[241]  0.828125 0.753157 -2.3952
Lc[242]  0.56902 0.165207 -4.12461
Lc[243]  -2.55831 -0.516354 -8.90631
Lc[244]  0.61121 -0.00985818 2.6692
Lc[245]  -0.465867 -0.0593736 -2.58186
Lc[246]  -3.77468 0.156741 -0.144813
Lc[247]  -1.6421 -3.52912 -5.65993
Lc[248]  -0.762221 -1.87855 -0.0290447
Lc[249]  0.90935 -4.26507 -2.81653
Lc[250]  0.906649 1.72859 -4.81634
Lc[251]  0.0641642 -1.32884 3.8903
Lc[252]  0.126829 2.70026 -7.50782
Lc[253]  -0.235188 -0.717536 -1.54013
Lc[254]  0.972117 -1.27477 11.838
Lc[255]  -0.0545616 0.487591 -3.64153
Lc[256]  0.229347 -0.698309 6.36366
Lc[257]  0.0893648 -0.0503216 -0.474374
Lc[258]  0.0226279 -0.115423 -1.29567
Lc[259]  -1.65299 -1.06589 -0.216946
Lc[260]  0.0850966 -1.98432 0.0147296
Lc[261]  6.1747 1.95229 -0.0178723
Lc[262]  0.791034 1.01535 -2.32623
Lc[263]  0.593115 -0.136375 1.37374
Lc[264]  -0.921534 0.680187 -4.97404
Lc[265]  2.35265 -2.16929 15.2769
Lc[266]  -4.00804 -2.0644 7.68877
Lc[267]  0.306665 -0.021888 0.585936
Lc[268]  0.598596 0.00153457 1.63344
Lc[269]  0.36895 -0.976194 -1.6164
Lc[270]  -0.797154 -0.386018 0.624289
Lc[271]  -4.21983 8.40892 -2.24799
Lc[272]  1.33728 0.851849 1.87028
Lc[273]  2.07096 0.508159 -1.13951
Lc[274]  -0.451761 -0.147723 -5.33413
Lc[275]  -0.962074 0.259002 -3.49949
Lc[276]  0.227994 0.808168 -3.34721
Lc[277]  -0.327914 -0.375946 2.03849
Lc[278]  1.19338 1.30983 -8.07126
Lc[279]  -0.187088 2.18398 -6.2454
Lc[280]  -0.27564 0.367318 -1.75098
Lc[281]  -0.590891 -0.121066 7.60098
Lc[282]  0.954461 0.236841 -6.57829
Lc[283]  -8.09064 -1.09781 1.39266
Lc[284]  0.797396 -0.177595 0.321684
Lc[285]  4.3986 -0.367143 -6.66851
Lc[286]  -1.1254 2.40789 -23.0342
Lc[287]  0.170896 -0.201819 -2.38798
Lc[288]  0.201797 -0.937101 -1.521
Lc[289]  -0.0467514 -0.786328 -2.13072
Lc[290]  0.164625 -0.0986649 -5.14854
Lc[291]  -0.402362 -2.02612 -6.46865
Lc[292]  -0.512682 -3.33452 -0.360052
Lc[293]  -0.458253 -2.36693 -0.504115
Lc[294]  0.014359 0.00565726 0.0229187
Lc[295]  1.29029 1.11954 -4.64744
Lc[296]  -0.523688 -0.343335 3.06464
Lc[297]  -2.95773 1.01882 -7.58186
Lc[298]  -2.58386 1.03906 -7.13957
Lc[299]  -4.03996 -0.273888 4.62223
Lc[300]  3.46025 -0.566193 0.670607
Lc[301]  2.79089 -0.620828 -8.60491
Lc[302]  0.759413 -0.296444 0.456663
Lc[303]  -3.51979 3.47353 -12.5361
Lc[304]  1.86288 -3.64453 -1.62098
Lc[305]  -1.00004 -0.527361 -5.53325
Lc[306]  -3.19204 -0.651903 0.182486
Lc[307]  0.259589 0.0808986 -4.31555
Lc[308]  -1.47961 0.394759 -8.19583
Lc[309]  -0.806702 0.043468 -7.61821
Lc[310]  -0.057747 0.318633 1.93046
Lc[311]  -0.003852 -0.0290783 -0.397804
Lc[312]  5.33273 3.50659 9.35905
Lc[313]  0.0514105 -0.660692 -0.63866
Lc[314]  -0.135342 -0.789446 -0.56255
Lc[315]  0.0343822 0.0394748 0.07226
Lc[316]  -0.986957 -2.05432 -0.200648
Lc[317]  0.0017719 0.39807 -3.20539
Lc[318]  0.179271 -0.304306 3.36347
Lc[319]  -0.0120133 -2.43182 0.276576
Lc[320]  0.636795 -0.957253 -3.79991
Lc[321]  -0.243166 -0.496282 -5.09969
Lc[322]  -0.596217 -0.891071 -4.23979
Lc[323]  5.85582 -16.0804 -7.22801
Lc[324]  3.07895 2.76734 -6.37259
Lc[325]  4.30835 2.8239 9.02638
Lc[326]  -0.0226019 -2.25798 -2.69656
Lc[327]  -0.161215 -2.8167 -0.272356
Lc[328]  -1.37121 0.0388009 -0.455614
Lc[329]  -0.263681 -1.44719 -9.11625
Lc[330]  -1.04971 -0.343083 -2.70699
Lc[331]  0.31277 0.303025 9.49412
Lc[332]  -1.60574 -3.23113 12.8419
Lc[333]  -3.99552 -0.100483 10.733
Lc[334]  0.703748 0.797673 7.86811
Lc[335]  -0.096577 -0.906941 -4.59118
Lc[336]  -0.0389434 -0.244741 -1.11221
Lc[337]  -0.826088 -1.27847 -2.77595
Lc[338]  -2.68837 -1.29287 1.12451
Lc[339]  1.0765 0.664032 0.967248
Lc[340]  1.63917 -0.028009 0.167519
Lc[341]  -1.12632 -0.942532 -0.45682
Lc[342]  0.10378 0.613131 3.16142
Lc[343]  0.352041 -1.09912 6.16646
Lc[344]  0.445265 -1.3127 -6.30242
Lc[345]  -2.86262 -4.32054 -1.74053
Lc[346]  -1.12982 -4.08095 0.901417
Lc[347]  0.171224 -2.07591 0.0714349
Lc[348]  1.21491 -0.632713 -3.02993
Lc[349]  0.126245 -1.67574 -12.5492
Lc[350]  0.918608 0.754455 -3.64838
Lc[351]  0.0677123 0.15354 -0.986417
Lc[352]  2.23258 -1.71864 -4.5508
Lc[353]  0.452572 -2.45524 -5.597
Lc[354]  -1.70661 -0.990105 -0.0854058
Lc[355]  -3.31683 -3.68752 -1.47873
Lc[356]  -1.69914 -3.32845 -1.77191
Lc[357]  1.9331 -0.823821 -9.28093
Lc[358]  -1.65671 -1.71565 -0.240636
Lc[359]  1.98536 -3.45804 -7.00577
Lc[360]  -0.149572 -2.14114 -4.52182
Lc[361]  -0.204543 -0.336021 -0.794892
Lc[362]  -1.40552 0.600018 4.4297
Lc[363]  -1.2436 -1.35154 -7.86671
Lc[364]  0.0399405 -0.06908 -0.476538
Lc[365]  -0.478479 -0.148099 -2.06043
Lc[366]  1.72633 0.372695 5.34294
Lc[367]  -0.305151 0.177212 -0.624218
Lc[368]  0.515451 -0.00237706 -2.26615
Lc[369]  1.4271 0.0183899 -8.44169
Lc[370]  -0.956343 -2.27177 -5.54196
Lc[371]  -0.308666 -0.589927 -0.715859
Lc[372]  -0.652922 -0.520578 -2.15281
Lc[373]  -30.786 6.72543 0.6744
Lc[374]  0.170027 -1.91701 -0.195765
Lc[375]  2.35159 1.26445 0.0101713
Lc[376]  2.14686 -1.44572 -8.00215
Lc[377]  0.250499 -0.878588 -2.80318
Lc[378]  0.174679 -0.00634941 -3.35812
Lc[379]  -3.13542 2.20045 5.90298
Lc[380]  1.22055 -3.33248 -3.46076
Lc[381]  0.459013 -3.57372 -4.31197
Lc[382]  -0.456337 -3.52333 -4.10828
Lc[383]  -1.79017 -4.1527 -5.58391
Lc[384]  0.210723 -2.4416 -2.00465
Lc[385]  1.4437 -4.30869 -5.67428
Lc[386]  -0.703471 -2.61631 -0.104272
Lc[387]  0.272893 0.559286 2.52382
Lc[388]  0.388065 -0.297598 -1.50214
Lc[389]  -6.43479 6.27032 15.0761
Lc[390]  -0.700161 -2.70524 -1.85447
Lc[391]  0.23323 -3.86848 -3.0592
Lc[392]  1.28813 0.857636 4.29405
Lc[393]  0.754141 -0.937161 -2.44449
Lc[394]  -0.0636005 -0.864926 -2.91066
Lc[395]  -1.22181 -2.10923 -9.90108
Lc[396]  -1.93118 -3.01446 -0.934651
Lc[397]  5.96492 0.738674 -0.883007
Lc[398]  0.384631 1.22093 2.0805
Lc[399]  -1.07145 -1.15798 -4.20758
Lc[400]  -0.372131 -2.46119 -3.39421
Lc[401]  0.289166 -1.31589 0.198873
Lc[402]  0.180803 -0.505903 -0.216839
Lc[403]  -1.76077 -5.13415 -2.45698
Lc[404]  0.0443242 -0.145333 -0.32066
Lc[405]  0.0246364 0.00744273 0.0613751
Lc[406]  -1.19181 -1.256 -7.14761
Lc[407]  -0.114353 0.892423 1.88051
Lc[408]  0.317805 -0.565773 -1.4939
Lc[409]  0.781378 -2.48637 -10.0246
Lc[410]  -0.0546672 1.65473 6.36319
Lc[411]  0.578178 -0.61701 -3.25558
Lc[412]  -4.37255 -3.31666 1.99614
Lc[413]  0.447037 2.54878 2.85422
Lc[414]  0.388907 -2.7387 -4.07119
Lc[415]  -0.783313 -2.17782 -4.97892
Lc[416]  -0.419948 -3.14384 0.0788936
Lc[417]  -0.350266 -2.45689 -4.29541
Lc[418]  1.54859 -9.47341 -4.63643
Lc[419]  0.244918 -1.77406 0.0631611
Lc[420]  -0.34718 1.98424 0.176185
Lc[421]  0.179779 -0.652905 -1.23495
Lc[422]  0.526527 0.635503 5.35423
Lc[423]  0.290505 -0.735708 -1.33122
Lc[424]  0.598044 -1.78831 -4.82611
Lc[425]  0.191915 -1.29817 -0.312843
Lc[426]  -1.62737 6.16278 9.43634
Lc[427]  1.2101 1.0202 -1.91422
Lc[428]  0.919526 2.83771 -9.1074
Lc[429]  0.0642712 -0.365429 3.59692
Lc[430]  1.26099 -0.830392 1.75023
Lc[431]  -3.79473 -2.78262 -1.75613
Lc[432]  1.28839 -3.45632 -1.95005
Lc[433]  0.773008 -0.365768 -1.16544
Lc[434]  0.663913 -0.519356 -1.56866
Lc[435]  0.195817 -0.862064 -2.45674
Lc[436]  -1.22382 5.99805 13.4523
Lc[437]  0.0739317 -0.340582 -0.781716
Lc[438]  -0.41785 4.363 6.16825
Lc[439]  -0.497572 1.59796 2.13519
Lc[440]  0.0259241 -0.0289427 0.0856683
Lc[441]  -0.0150205 -0.310224 -1.08539
Lc[442]  0.497371 2.88276 6.83337
Lc[443]  -1.37809 -3.73737 -4.98384
Lc[444]  0.235641 -0.969284 0.176101
Lc[445]  -1.06681 0.701609 3.94724
Lc[446]  0.587564 -0.998401 -2.45685
Lc[447]  0.218158 -1.39452 -2.88302
Lc[448]  -0.132091 -0.905009 -2.15887
Lc[449]  -1.2841 -2.80012 -7.81668
Lc[450]  -0.509779 1.74862 6.70886
Lc[451]  -0.29778 0.956706 7.49245
Lc[452]  2.47527 -0.152236 -16.7399
Lc[453]  0.120677 -0.798072 -0.768363
Lc[454]  -2.67381 -2.45773 -1.94602
Lc[455]  0.865912 -2.63068 -5.96578
Lc[456]  1.93526 4.50398 9.85085
Lc[457]  0.357891 -0.801495 -1.43658
Lc[458]  0.0189981 -0.157946 -0.648251
Lc[459]  0.2687 -0.509012 -1.64723
Lc[460]  -0.136514 -0.681321 -5.78658
Lc[461]  -0.425651 -0.26019 -0.524744
Lc[462]  0.136592 -4.88349 -5.5602
Lc[463]  -0.144397 -0.247151 -0.534725
Lc[464]  -1.0452 -1.34244 -0.184454
Lc[465]  -0.325898 1.2792 2.22809
Lc[466]  0.45459 -1.03118 -1.8895
Lc[467]  0.321091 -0.290636 -1.41303
Lc[468]  -0.219905 -0.211374 -0.979544
Lc[469]  -0.0699548 4.81569 7.88658
Lc[470]  1.20825 -4.93046 -4.60644
Lc[471]  2.37986 2.16854 7.68997
Lc[472]  -1.03847 -2.8874 -0.472381
Lc[473]  3.44371 -8.08587 25.8981
Lc[474]  -0.685604 1.05907 3.24357
Lc[475]  0.314356 0.169528 6.36745
Lc[476]  0.0137854 -0.452971 -0.569187
Lc[477]  0.224823 -1.13759 -3.93735
Lc[478]  -0.500769 -0.748906 -3.40711
Lc[479]  1.98363 3.08965 9.58766
Lc[480]  0.356719 0.437353 0.640921
Lc[481]  -0.342883 -0.523058 2.27054
Lc[482]  0.127792 -3.45631 -5.91658
Lc[483]  -0.0738353 -1.96878 -2.88011
Lc[484]  -0.726434 -1.9231 -3.23707
Lc[485]  0.171162 -0.45392 -0.785443
Lc[486]  -0.112673 0.267934 0.0256938
Lc[487]  0.686546 -1.67025 -3.97775
Lc[488]  -2.17308 2.30096 -4.78521
Lc[489]  1.89436 0.0371178 1.74429
Lc[490]  0.288627 0.987787 1.04809
Lc[491]  -3.31934 -2.18292 -7.89127
Lc[492]  0.0149225 1.02755 1.75333
Lc[493]  -0.062591 -0.457613 -0.613152
Lc[494]  -0.788944 1.78001 1.95521
Lc[495]  1.19878 -2.47047 -3.30223
Lc[496]  0.163192 -0.968632 -2.11673
Lc[497]  -0.84125 -1.46193 -4.18272
Lc[498]  -4.67182 -1.17215 -0.652464
Lc[499]  3.6268 -0.295104 12.7376
Lc[500]  -0.309307 -0.0295274 -3.47888
Lc[501]  3.95275 0.978484 5.81884
Lc[502]  0.554949 -0.336058 2.3409
Lc[503]  0.188848 0.209408 0.409394
Lc[504]  0.571561 0.311427 1.7192
Lc[505]  -6.16049 7.07009 -10.6161
Lc[506]  2.68673 -0.897219 3.95696
Lc[507]  0.266383 -0.0824058 0.692164
Lc[508]  -1.7715 -1.98552 -1.95207
Lc[509]  -2.0987 5.49224 -15.8258
Lc[510]  0.266041 -0.0295143 0.913148
Lc[511]  -0.49184 0.252735 -1.96526
Lc[512]  -3.93914 1.36326 -7.67746
Lc[513]  -2.10801 -1.5649 -2.73284
Lc[514]  -4.15865 11.1673 -19.6974
Lc[515]  -3.54879 4.879 -12.0129
Lc[516]  0.0889259 4.02869 -0.0669796
Lc[517]  -0.301497 -0.0272572 -0.938238
Lc[518]  -2.9411 6.73455 0.71633
Lc[519]  0.347487 1.07483 -3.43908
Lc[520]  -3.94612 -0.0532279 -3.10475
Lc[521]  1.10664 0.436751 -10.0529
Lc[522]  -1.21918 -0.472874 -6.39461
Lc[523]  -1.40094 -0.826727 -0.769116
Lc[524]  1.58146 -0.289311 -11.6639
Lc[525]  -1.04951 -0.643071 -6.31838
Lc[526]  -0.837992 0.0881679 -2.59223
Lc[527]  1.18833 1.63727 2.33021
Lc[528]  -2.34839 -1.41276 -4.56357
Lc[529]  -1.59929 -0.133861 -6.55923
Lc[530]  -6.73396 3.89308 -6.2149
Lc[531]  1.49297 -0.370015 5.21474
Lc[532]  -1.95381 -2.34893 -4.69318
Lc[533]  0.259204 -0.312836 2.50781
Lc[534]  -1.2394 -0.648721 -3.85081
Lc[535]  -4.42606 0.365019 -5.82897
Lc[536]  -4.50161 -0.0943755 -4.43075
Lc[537]  -5.76132 0.413959 -7.70602
Lc[538]  0.985986 -0.838426 0.908826
Lc[539]  5.34101 8.11797 11.5963
Lc[540]  1.97035 -3.99117 11.5348
Lc[541]  3.37751 -0.668678 9.66608
Lc[542]  2.01551 -1.10788 4.88903
Lc[543]  0.74253 1.68981 3.79048
Lc[544]  -1.88208 -1.35437 0.314223
Lc[545]  -6.19242 -1.9191 -5.77865
Lc[546]  -1.81445 -3.12176 -5.52305
Lc[547]  -1.62842 -0.576183 -3.84272
Lc[548]  -1.4099 0.619939 -1.59199
Lc[549]  -3.10098 1.69486 -2.42291
Lc[550]  1.20825 1.16069 1.40758
Lc[551]  0.06282 0.00629206 0.0683215
Lc[552]  3.68604 -1.13559 7.19955
Lc[553]  -2.6577 3.56628 -6.24019
Lc[554]  -2.62118 2.72683 -2.93172
Lc[555]  -5.18074 5.62231 -2.87818
Lc[556]  -1.10457 -9.99841 -10.9026
Lc[557]  0.460533 -0.167318 0.366791
Lc[558]  -2.28263 2.02611 -2.88889
Lc[559]  0.651726 -0.57847 0.847434
Lc[560]  2.84292 -2.69661 4.43081
Lc[561]  -0.269556 -0.0758314 -0.146633
Lc[562]  -0.489407 -0.34691 -0.796719
Lc[563]  -4.94497 -6.69065 -16.6938
Lc[564]  6.61792 3.40906 9.38486
Lc[565]  -19.6123 -8.74543 -21.9485
Lc[566]  -7.53766 0.264149 -7.87477
Lc[567]  -2.74252 1.27856 -3.44846
Lc[568]  1.78133 -1.20316 3.00852
Lc[569]  -2.63512 1.73121 -4.05775
Lc[570]  -1.6268 1.60372 -1.36534
Lc[571]  -4.39895 5.25648 -3.34295
Lc[572]  -15.1467 15.304 -6.78043
Lc[573]  -2.88148 -1.67186 -0.659382
Lc[574]  -2.91075 2.47386 -2.91603
Lc[575]  9.98237 1.02581 10.8796
Lc[576]  -1.86824 -0.666368 -0.556172
Lc[577]  -0.591292 0.627607 -1.14273
Lc[578]  -1.91339 2.46086 -2.7595
Lc[579]  1.96583 -2.00432 2.99136
Lc[580]  1.91978 -1.37925 2.42579
Lc[581]  -4.11464 2.27792 -2.75187
Lc[582]  -6.33548 9.46464 -3.65738
Lc[583]  -0.387265 -0.162342 -0.495042
Lc[584]  5.20291 -4.34279 3.34908
Lc[585]  -2.98337 2.26661 -5.54599
Lc[586]  -4.16604 3.09946 -4.81953
Lc[587]  -1.72758 0.983757 -1.94497
Lc[588]  -5.64651 1.26492 -15.2249
Lc[589]  -2.53006 1.54612 -2.69487
Lc[590]  0.234847 1.3409 0.989529
Lc[591]  -3.42054 -4.34364 -6.83705
Lc[592]  -3.55263 -0.679319 -2.02844
Lc[593]  -1.78493 -0.417078 -0.0928164
Lc[594]  -4.71827 -3.91426 -12.2721
Lc[595]  -8.65736 -3.80041 -17.0945
Lc[596]  1.27506 -0.770946 4.16063
Lc[597]  -10.2576 -3.59481 -7.89631
Lc[598]  -3.047 1.39324 -6.03068
Lc[599]  -1.59618 0.709631 -1.10354
Lc[600]  -5.04646 1.04736 -1.82975
Lc[601]  -2.06555 -0.679475 -0.30875
Lc[602]  -11.2705 -8.25058 -21.232
Lc[603]  0.724634 -0.340801 1.53117
Lc[604]  0.374135 -0.257038 0.43309
Lc[605]  -0.747818 0.537332 -1.04344
Lc[606]  -3.88456 -1.53899 -2.59407
Lc[607]  -2.40208 -0.661695 -1.15287
Lc[608]  0.100449 0.517743 0.843927
Lc[609]  -3.8336 2.05004 -4.03616
Lc[610]  0.974636 -0.288863 0.753349
Lc[611]  -6.39569 -0.26336 -4.09587
Lc[612]  -1.13724 -0.202717 -0.789062
Lc[613]  -2.38831 0.567781 -3.54739
Lc[614]  -3.22556 1.00757 -2.16712
Lc[615]  -0.787648 0.153544 -0.695009
Lc[616]  -2.47412 -1.20866 -2.85168
Lc[617]  -4.18894 0.380042 -11.1672
Lc[618]  -2.19265 0.66537 -2.96224
Lc[619]  -5.47973 0.566216 -3.56747
Lc[620]  -6.07146 -2.80165 -7.93408
Lc[621]  -0.808273 -0.954903 -1.24156
Lc[622]  3.98284 1.57549 5.66504
Lc[623]  -1.62141 1.66779 -4.5637
Lc[624]  0.841321 -0.522091 2.22791
Lc[625]  -1.31965 0.609438 -1.84723
Lc[626]  -3.66808 0.920006 -5.0765
Lc[627]  -2.82779 -1.20394 -1.9615
Lc[628]  2.56651 -1.39931 3.12501
Lc[629]  -4.59324 1.21958 -4.74454
Lc[630]  5.05481 -0.543914 5.17095
Lc[631]  1.51486 5.57368 5.43867
Lc[632]  -0.0434699 0.172678 0.0814368
Lc[633]  -3.13952 -1.16543 -3.34615
Lc[634]  -2.55913 1.25676 -5.01421
Lc[635]  1.42326 -0.569025 2.55128
Lc[636]  -0.156605 -0.100089 -0.244707
Lc[637]  -2.43753 0.779757 -1.69263
Lc[638]  -5.02796 -0.649726 -7.1326
Lc[639]  -4.61459 -0.0152447 -1.96204
Lc[640]  2.2874 -0.534762 2.04529
Lc[641]  -2.66892 -2.75358 -3.5999
Lc[642]  -1.95642 -0.975312 -0.393118
Lc[643]  1.84129 -0.0363919 1.74545
Lc[644]  -5.22502 0.370202 -7.77774
Lc[645]  -2.64244 0.713831 -2.31269
Lc[646]  4.87078 3.13613 5.92301
Lc[647]  -4.85149 -0.827054 -4.05936
Lc[648]  -5.07315 -13.1864 -16.139
Lc[649]  -0.972999 0.313159 -1.79682
Lc[650]  -0.191942 0.0829204 -0.314139
Lc[651]  1.88367 -0.291767 3.18991
Lc[652]  -3.76812 0.168933 -3.9063
Lc[653]  -0.885217 0.0963111 -0.502736
Lc[654]  -0.00160374 0.121808 -0.0493749
Lc[655]  9.05258 1.95384 11.083
Lc[656]  -1.03815 -0.596993 -0.855423
Lc[657]  -0.699957 0.021556 -0.979903
Lc[658]  5.15142 -0.0211263 7.10966
Lc[659]  -0.791368 0.140551 -1.15017
Lc[660]  12.2742 5.25162 15.5659
Lc[661]  -6.51959 -4.05432 -9.45773
Lc[662]  -6.98985 -6.54965 -9.15869
Lc[663]  -18.2565 -3.89697 -20.6721
Lc[664]  -1.46589 -0.540408 0.692804
Lc[665]  -1.65119 0.605019 -1.63054
Lc[666]  -3.96983 0.479244 -2.80877
Lc[667]  -0.603987 -1.99506 -2.47635
Lc[668]  -5.92055 -2.00337 -3.23587
Lc[669]  -3.84411 0.0573861 2.79152
Lc[670]  -1.64085 -0.755813 -1.49836
Lc[671]  -6.39412 2.54003 -13.0386
Lc[672]  4.32571 -0.154205 4.33236
Lc[673]  -5.4457 1.10588 -6.15524
Lc[674]  -5.83346 6.33208 -8.36945
Lc[675]  -0.735004 0.319598 -1.23973
Lc[676]  -1.18966 -0.0437172 -1.92133
Lc[677]  1.82139 1.1235 -1.95064
Lc[678]  -7.13855 -4.78606 -7.117
Lc[679]  -6.58458 0.0326216 -8.34415
Lc[680]  -1.1096 -1.25333 -3.77254
Lc[681]  -0.486224 0.0885293 -1.17334
Lc[682]  2.89741 -0.618494 4.78
Lc[683]  1.23597 -0.170286 1.17796
Lc[684]  -1.57054 0.0680691 -0.977854
Lc[685]  7.39961 0.522254 6.27349
Lc[686]  1.14107 0.663448 1.73008
Lc[687]  5.12298 3.37028 -0.267141
Lc[688]  -0.647398 9.99744 12.984
Lc[689]  4.79267 -5.72392 8.65673
Lc[690]  2.6927 -2.55475 2.80602
Lc[691]  -1.75202 0.720514 -2.45088
Lc[692]  3.22073 -1.16289 3.83949
Lc[693]  0.0584831 -0.00430279 -0.0418063
Lc[694]  0.954308 0.078257 0.338827
Lc[695]  -1.26308 -0.714914 -1.3806
Lc[696]  -4.7305 -0.0329408 -6.70645
Lc[697]  -0.631115 16.1625 16.1359
Lc[698]  -17.6348 -5.36542 -13.0185
Lc[699]  1.78397 3.10483 3.92116
Lc[700]  0.351239 0.217542 0.68342
Lc[701]  -2.44849 2.92188 -1.3958
Lc[702]  -3.01312 -2.24068 -5.37478
Lc[703]  -0.682712 0.285489 -0.989324
Lc[704]  0.771143 -0.251788 1.14479
Lc[705]  -0.857232 0.00247963 -0.321433
Lc[706]  -0.151327 0.192243 -0.291055
Lc[707]  -2.68962 -0.219988 -4.50567
Lc[708]  1.13323 0.0867022 0.267628
Lc[709]  -7.05519 13.7165 -1.49647
Lc[710]  1.61697 -0.83176 3.32833
Lc[711]  -1.7702 0.5248 -2.34259
Lc[712]  -3.61308 0.2967 -3.61675
Lc[713]  -4.81847 -0.886781 0.83943
Lc[714]  -2.15689 -1.32201 -1.99075
Lc[715]  -3.34972 1.32044 -5.05844
Lc[716]  -4.29837 1.20843 0.206087
Lc[717]  2.5606 1.21788 2.27884
Lc[718]  -1.86395 0.374415 -5.74751
Lc[719]  -2.56363 0.970681 -4.91673
Lc[720]  -1.03496 0.0149463 -0.568962
Lc[721]  5.12909 1.48765 1.54796
Lc[722]  -2.12893 -1.82703 -2.45501
Lc[723]  -2.28309 -0.504102 -1.3023
Lc[724]  0.115739 -0.0781209 0.134707
Lc[725]  -13.7321 3.67752 -17.568
Lc[726]  -1.0661 0.0306702 -0.76569
Lc[727]  3.40746 1.54843 0.924694
Lc[728]  -3.5721 -1.48528 -1.58504
Lc[729]  -1.50002 -0.809207 -1.04831
Lc[730]  0.506774 -0.155626 0.450979
Lc[731]  -2.96141 -2.24453 -6.69631
Lc[732]  -5.44245 5.52771 -3.35457
Lc[733]  -3.16641 -1.06296 1.71174
Lc[734]  5.18778 1.64047 3.48784
Lc[735]  1.6416 1.74461 2.49
Lc[736]  6.51834 1.4587 5.50617
Lc[737]  -4.06873 -0.505618 -2.75137
Lc[738]  -2.4623 -1.94389 -4.31738
Lc[739]  -0.0536756 -0.0333158 -0.476527
Lc[740]  -3.3921 -1.00467 -7.42366
Lc[741]  -1.74649 -0.245477 -2.81615
Lc[742]  -2.9391 0.255933 -3.76328
Lc[743]  -1.36384 0.0352993 -1.54767
Lc[744]  2.34383 -0.150194 2.54198
Lc[745]  -7.61035 -1.94038 -1.34169
Lc[746]  -1.39872 -1.91214 -2.39861
Lc[747]  -2.0764 1.49747 -1.04028
Lc[748]  -0.983257 -0.669944 -3.77304
Lc[749]  0.474974 0.0754862 0.596583
Lc[750]  -2.89411 -0.118006 -1.00256
Lc[751]  -1.68667 -0.149758 -0.274559
Lc[752]  -2.65361 0.0211593 -2.1563
Lc[753]  -5.8582 0.965437 -6.55505
Lc[754]  -3.63353 -3.79747 -5.71199
Lc[755]  -0.155046 -0.0696639 0.0750747
Lc[756]  -2.32773 0.798534 -2.57679
Lc[757]  1.56431 0.326541 3.63036
Lc[758]  0.672149 1.65509 1.62045
Lc[759]  -2.35794 -3.61039 -5.2662
Lc[760]  -5.60011 4.04143 -7.22701
Lc[761]  0.43714 0.35102 0.792379
Lc[762]  -3.10708 1.16474 0.311329
Lc[763]  1.42684 0.347675 2.00402
Lc[764]  2.44147 1.83706 3.17002
Lc[765]  -1.07622 -0.465607 -0.128198
Lc[766]  -1.76147 -1.31943 -2.53852
Lc[767]  -0.916732 -0.502836 -2.20479
Lc[768]  1.94944 0.193181 2.99221
Lc[769]  -1.74602 0.0950626 -1.77885
Lc[770]  -1.33371 0.0129751 -1.09849
Lc[771]  1.93171 3.73567 -4.0012
Lc[772]  -2.13594 -1.55817 -2.92594
Lc[773]  0.287333 0.206472 0.0234061
Lc[774]  -1.82166 0.439336 -1.42979
Lc[775]  -7.59545 3.51846 -4.57278
Lc[776]  -2.65431 -1.77046 -1.6839
Lc[777]  -1.3816 -0.0856572 -0.910203
Lc[778]  -3.20814 0.747402 0.0508151
Lc[779]  2.8052 0.175565 3.34988
Lc[780]  -2.97292 -0.253091 1.00627
Lc[781]  -2.6678 -1.06124 -1.40308
Lc[782]  -3.15582 0.00836423 -5.97708
Lc[783]  -1.30986 -0.299152 -2.07847
Lc[784]  -0.807594 -0.386044 -0.580703
Lc[785]  -2.14752 -0.593635 -1.90395
Lc[786]  6.68241 3.51351 10.0921
Lc[787]  -2.95624 -1.63678 -9.42044
Lc[788]  -1.00117 -0.526313 -1.13261
Lc[789]  -3.70637 0.0753176 -3.15313
Lc[790]  1.1447 -0.0256927 0.960808
Lc[791]  -3.41718 -1.74002 0.787771
Lc[792]  -1.00659 -1.25257 -2.14208
Lc[793]  0.483449 1.63791 1.16227
Lc[794]  -1.43482 -0.729786 -1.15804
Lc[795]  2.92078 1.5986 4.62811
Lc[796]  1.29754 -0.504697 0.210477
Lc[797]  -2.91259 -1.41196 -5.38122
Lc[798]  -2.30694 -0.527469 -3.46455
Lc[799]  -6.25295 -0.754615 -9.22771
Lc[800]  -9.18895 -11.0912 -15.5799
Lc[801]  0.750882 -0.0694159 -0.106164
Lc[802]  0.330522 0.036577 0.0446275
Lc[803]  -1.92809 0.0960297 0.137042
Lc[804]  6.81389 -0.99891 -0.937367
Lc[805]  5.67809 -0.971101 0.197728
Lc[806]  3.01538 0.232888 3.74688
Lc[807]  -2.46515 -0.609885 -1.95377
Lc[808]  -2.7698 -1.46511 -4.02728
Lc[809]  -2.34228 -0.696597 -1.51605
Lc[810]  0.815976 0.3964 0.636296
Lc[811]  -1.86811 -1.08684 -2.22965
Lc[812]  -1.40098 0.228378 -1.07433
Lc[813]  -0.288087 -0.700671 -1.29899
Lc[814]  -1.63083 -1.91593 -1.42133
Lc[815]  -3.48826 -2.67867 -3.98823
Lc[816]  1.21927 0.0482929 0.439927
Lc[817]  -7.07412 1.67247 -6.18837
Lc[818]  -0.300477 -0.0562521 -0.295354
Lc[819]  -2.01453 -0.977041 -2.36245
Lc[820]  10.3457 2.89745 0.963843
Lc[821]  -5.18312 7.10482 1.40618
Lc[822]  -8.34445 11.9191 3.32411
Lc[823]  -2.04525 -0.323752 -0.468
Lc[824]  -1.20913 2.84905 0.854657
Lc[825]  2.15409 -3.0786 -1.40003
Lc[826]  -0.764762 0.495851 0.24276
Lc[827]  -2.83426 2.32353 -1.39084
Lc[828]  -1.44245 2.21847 0.425882
Lc[829]  2.23046 -1.97432 -1.43888
Lc[830]  -4.2504 3.89191 4.48978
Lc[831]  6.234 6.44988 -0.310297
Lc[832]  4.8068 3.39956 1.34773
Lc[833]  -5.66816 -2.66745 -1.70733
Lc[834]  -2.82189 -1.20008 -1.45076
Lc[835]  -4.04805 1.1357 0.299078
Lc[836]  0.373355 -0.324079 2.78457
Lc[837]  -2.21268 3.76803 1.80203
Lc[838]  -1.28204 2.05474 1.73699
Lc[839]  3.54365 -2.63756 -1.29643
Lc[840]  -24.6499 10.3784 -6.54197
Lc[841]  -5.29978 1.76098 0.587316
Lc[842]  -23.426 -4.79254 3.08043
Lc[843]  -3.60274 0.227096 1.77039
Lc[844]  -11.0436 -6.40886 6.40527
Lc[845]  -1.63152 2.38696 -0.102318
Lc[846]  -2.50427 2.58797 0.904772
Lc[847]  0.0901571 -0.088818 0.00458308
Lc[848]  -3.31383 2.34298 1.53016
Lc[849]  -6.94645 9.3796 -4.7519
Lc[850]  -2.433 3.24298 1.7374
Lc[851]  -2.77043 -0.909209 3.4837
Lc[852]  -9.93033 17.7545 3.21869
Lc[853]  1.09086 0.41233 -0.18579
Lc[854]  -13.976 13.6192 30.8082
Lc[855]  -1.66211 1.90847 0.187673
Lc[856]  -2.63704 2.58842 2.15052
Lc[857]  -1.67294 -1.2064 3.13377
Lc[858]  1.30251 -1.30109 -0.682144
Lc[859]  -7.26178 3.37708 5.58275
Lc[860]  0.230461 -1.31431 1.83652
Lc[861]  -5.06127 -1.15313 -1.5778
Lc[862]  -2.4854 2.74398 -0.460636
Lc[863]  -3.38692 2.46525 0.33743
Lc[864]  -2.72194 3.26105 4.10497
Lc[865]  -5.31776 -6.95552 1.58961
Lc[866]  2.85099 -2.67944 -1.94033
Lc[867]  -3.59027 3.32445 1.26695
Lc[868]  -3.66951 3.68971 2.25309
Lc[869]  3.2548 -2.34047 -2.77284
Lc[870]  2.57249 -1.71923 -3.03169
Lc[871]  -0.104923 1.62221 -4.85455
Lc[872]  -5.39166 -1.80357 -1.42116
Lc[873]  -4.01925 0.28162 0.107519
Lc[874]  -0.920824 -0.102527 -0.0578273
Lc[875]  1.98692 -0.19873 0.57442
Lc[876]  1.92048 5.81847 -3.56308
Lc[877]  -4.42845 -1.3923 -1.82891
Lc[878]  -6.7653 4.54258 1.35871
Lc[879]  1.31029 0.694909 0.503121
Lc[880]  -23.5158 -6.32919 5.99778
Lc[881]  -4.0404 3.20004 -0.262324
Lc[882]  -4.5804 2.72988 2.44902
Lc[883]  -2.55314 1.4038 3.32371
Lc[884]  -2.3369 -0.765654 -0.590263
Lc[885]  -4.88353 3.27473 -1.76699
Lc[886]  -5.67495 3.18539 1.51856
Lc[887]  -6.04317 3.7699 5.41966
Lc[888]  5.83166 14.766 12.4572
Lc[889]  -4.6171 2.85465 1.87255
Lc[890]  17.8399 3.75288 13.5907
Lc[891]  -4.07259 1.44997 -0.918336
Lc[892]  -0.0848786 -0.0861749 -0.000259974
Lc[893]  0.0463228 -0.0254393 0.0262594
Lc[894]  -3.72311 1.80276 -0.170077
Lc[895]  -4.82514 1.40272 -0.0403045
Lc[896]  -3.35921 1.04727 2.76421
Lc[897]  -6.53406 3.27789 6.32585
Lc[898]  -37.0461 7.01379 10.4578
Lc[899]  2.54079 2.21352 -1.16931
Lc[900]  -2.25255 0.60431 0.296267
Lc[901]  1.12058 -0.412239 -0.473321
Lc[902]  1.01312 -0.763313 -0.699433
Lc[903]  -4.36134 1.61776 2.47509
Lc[904]  -2.7123 0.928683 0.498641
Lc[905]  -2.89483 0.975059 1.33896
Lc[906]  -3.83072 0.624385 3.16325
Lc[907]  0.695787 -3.74186 2.01004
Lc[908]  -5.19673 -1.56921 -1.30805
Lc[909]  -3.6026 0.381066 -0.485653
Lc[910]  -5.84275 0.988414 2.16447
Lc[911]  -5.17891 0.538825 3.70978
Lc[912]  -0.0221835 -0.00192904 -0.0196825
Lc[913]  1.29406 -0.441425 -1.01856
Lc[914]  0.0579165 -1.0001 0.730604
Lc[915]  2.27375 -0.721197 -0.273556
Lc[916]  -5.27655 0.389052 0.60457
Lc[917]  -2.41488 1.08409 1.73068
Lc[918]  -3.12159 0.979036 3.22886
Lc[919]  -4.36876 -0.318287 -0.380941
Lc[920]  7.37119 7.86076 -0.366661
Lc[921]  -0.133547 -0.209693 0.155945
Lc[922]  -5.94268 -0.592129 2.26638
Lc[923]  -2.67513 1.07203 2.36417
Lc[924]  5.17984 -0.300013 -1.35256
Lc[925]  10.0612 1.08882 -0.304833
Lc[926]  -7.06978 -2.22726 -2.95452
Lc[927]  0.883688 0.601027 -0.242183
Lc[928]  -2.88448 5.60203 0.30075
Lc[929]  -8.13252 -1.09588 -2.24561
Lc[930]  -6.79328 -1.45096 1.83317
Lc[931]  0.440477 -0.0264443 -0.130953
Lc[932]  -0.979499 0.282005 0.820058
Lc[933]  -5.40636 -1.56233 -0.572475
Lc[934]  4.55373 1.9395 0.313293
Lc[935]  -2.55006 0.72655 1.69926
Lc[936]  -4.34622 0.721112 4.99992
Lc[937]  0.615502 -0.207321 0.495845
Lc[938]  0.875001 -0.210897 0.115881
Lc[939]  13.0584 -24.1273 11.2055
Lc[940]  6.13331 0.256183 6.71326
Lc[941]  -7.12713 -0.818327 -0.163223
Lc[942]  -4.10174 0.626469 2.56749
Lc[943]  -1.86024 0.148566 1.63666
Lc[944]  1.00574 -0.3844 -0.188895
Lc[945]  -1.68402 0.310946 -0.0176662
Lc[946]  2.62922 8.5573 1.55002
Lc[947]  -1.2756 0.151489 0.694875
Lc[948]  -0.197168 -0.0963117 -0.044791
Lc[949]  -7.74772 -3.37759 -1.21843
Lc[950]  -3.89081 -0.545573 -0.60182
Lc[951]  3.191 -0.676152 -3.4006
Lc[952]  40.2098 16.1087 7.56626
Lc[953]  0.60719 2.06318 -0.707662
Lc[954]  10.7647 5.79378 -9.4013
Lc[955]  -5.28032 -5.16258 0.238415
Lc[956]  -3.14708 -6.23098 5.65436
Lc[957]  1.60006 -0.274961 -1.68397
Lc[958]  -1.35592 -8.24554 4.38908
Lc[959]  -4.64075 -3.3428 -2.52142
Lc[960]  -8.04931 16.6878 16.815
Lc[961]  1.50793 0.128075 0.831916
Lc[962]  -5.59847 -0.63253 -0.234603
Lc[963]  -2.38214 -0.571242 0.82208
Lc[964]  -0.704209 -0.241116 -0.108733
Lc[965]  -5.42909 0.537943 -0.202103
Lc[966]  -10.8496 -4.16974 -2.90639
Lc[967]  -0.483401 -0.0254689 0.41634
Lc[968]  -1.93046 0.440152 2.23373
Lc[969]  -1.13715 0.568005 0.196942
Lc[970]  6.02548 2.84618 0.26475
Lc[971]  2.32382 2.49334 -3.25162
Lc[972]  -3.7935 0.821774 0.512899
Lc[973]  -18.5011 1.46675 -4.5899
Lc[974]  0.912339 -0.17716 -0.364303
Lc[975]  -4.17982 0.627646 1.72675
Lc[976]  0.218393 -0.0579102 -0.244461
Lc[977]  -2.88956 0.607464 2.90492
Lc[978]  -3.29827 4.42037 -3.23627
Lc[979]  1.00409 -0.205212 0.312784
Lc[980]  -2.79528 -0.315894 -1.29995
Lc[981]  -2.99432 0.024618 0.884727
Lc[982]  -2.01497 0.106923 0.876605
Lc[983]  -2.87827 -2.73659 4.9851
Lc[984]  -0.54369 0.163261 -1.39208
Lc[985]  1.81699 -0.0186402 0.894541
Lc[986]  0.524777 0.111039 0.518773
Lc[987]  4.36331 0.334402 1.37659
Lc[988]  -2.15265 -0.392478 -0.261883
Lc[989]  -12.4077 20.573 7.41741
Lc[990]  -2.25165 -0.127773 0.39768
Lc[991]  -0.925382 -0.029905 0.134621
Lc[992]  -2.42508 -0.00512977 1.66748
Lc[993]  -2.47449 -0.869633 0.280985
Lc[994]  3.79395 0.335877 1.10253
Lc[995]  -2.87844 -0.522247 0.619479
Lc[996]  -3.63003 -0.749093 -1.34087
Lc[997]  -2.05926 -1.14788 0.0997143
Lc[998]  2.85138 -0.258602 1.22563
Lc[999]  1.28848 -0.223989 -1.04721
Lc[1000]  4.88371 -0.626978 -3.71215
Lc[1001]  1.93549 0.306983 0.163095
Lc[1002]  -4.11253 0.0853306 -0.063003
Lc[1003]  -1.71973 -0.0369663 0.458217
Lc[1004]  -1.19916 0.388271 0.824838
Lc[1005]  -0.942265 0.191757 0.859607
Lc[1006]  0.0277319 -0.0870924 0.0649212
Lc[1007]  5.84298 1.50085 6.564
Lc[1008]  -5.31757 -0.544342 0.0654163
Lc[1009]  5.34994 -0.380335 -0.755874
Lc[1010]  -1.25484 -0.199316 -0.68055
Lc[1011]  20.1797 19.3362 -12.7078
Lc[1012]  3.12311 0.381926 0.0249891
Lc[1013]  -1.69264 -0.662204 -0.0494815
Lc[1014]  -1.992 -1.65013 -1.5507
Lc[1015]  -11.4421 -0.746947 -2.13212
Lc[1016]  1.68885 -0.44032 0.723025
Lc[1017]  -4.5186 -0.729407 -7.28175
Lc[1018]  -0.0908881 -0.0503819 -0.0553002
Lc[1019]  -0.688437 0.0543266 0.360291
Lc[1020]  -5.40975 1.1188 5.11946
Lc[1021]  2.65919 -4.40379 2.62529
Lc[1022]  4.15808 -2.09406 3.01612
Lc[1023]  -3.88132 -2.02052 -0.505279
Lc[1024]  -4.66934 0.164253 0.0248171
Lc[1025]  -1.67051 -0.130521 0.0356589
Lc[1026]  11.2388 0.400347 -2.73644
Lc[1027]  -2.79427 5.14709 0.0850978
Lc[1028]  -13.9958 -15.7435 -2.60905
Lc[1029]  -3.58331 -9.01939 -2.37097
Lc[1030]  -4.86835 -4.75931 -3.17727
Lc[1031]  -2.45684 -1.73036 -1.07564
Lc[1032]  -2.76414 -11.505 -4.60102
Lc[1033]  0.382761 -2.39972 -1.24147
Lc[1034]  0.498254 -1.83793 -0.189911
Lc[1035]  -0.138904 -1.60767 -0.0357911
Lc[1036]  -8.33172 -12.8732 -3.17026
Lc[1037]  1.45772 -7.10639 -6.61573
Lc[1038]  3.51169 -15.6305 -4.80471
Lc[1039]  0.512772 -2.26802 0.103395
Lc[1040]  0.237399 -2.72868 -0.789045
Lc[1041]  -1.26598 -1.80564 -1.11623
Lc[1042]  0.161764 -2.08432 -0.954901
Lc[1043]  -0.64523 -2.60425 -0.610452
Lc[1044]  0.766045 -3.26656 -1.17455
Lc[1045]  0.721844 -2.67717 -0.161235
Lc[1046]  1.6482 -8.3052 -3.79282
Lc[1047]  -14.9367 -14.5248 -2.42048
Lc[1048]  2.39956 7.59084 6.456
Lc[1049]  -0.279959 -2.08525 -0.687201
Lc[1050]  0.662809 -2.44864 -1.08406
Lc[1051]  -0.281389 -0.401824 -0.157478
Lc[1052]  -3.31382 -7.24652 -5.11033
Lc[1053]  0.384699 -1.15844 -0.188858
Lc[1054]  -0.894207 -6.33789 -3.25495
Lc[1055]  5.66446 -9.35766 -4.00692
Lc[1056]  -1.29681 -3.52643 -1.41039
Lc[1057]  -13.923 -3.16001 -0.407042
Lc[1058]  0.541792 2.90877 1.74311
Lc[1059]  -0.0807944 0.0016126 -0.0319025
Lc[1060]  1.43597 2.92881 0.17547
Lc[1061]  1.65719 6.80414 -1.3699
Lc[1062]  -0.320656 -8.27738 -4.45238
Lc[1063]  -0.613008 -3.36876 -0.707454
Lc[1064]  0.148544 -1.73918 -0.133341
Lc[1065]  -0.0237861 -2.11237 -0.43071
Lc[1066]  4.22165 1.4054 0.90177
Lc[1067]  -0.107485 -2.88235 -0.553347
Lc[1068]  -4.34675 0.541126 -2.54472
Lc[1069]  0.0116373 -1.34403 0.0747914
Lc[1070]  0.301874 -1.68356 -0.118274
Lc[1071]  12.1196 9.19471 6.80264
Lc[1072]  -0.0405608 -2.98092 -2.11659
Lc[1073]  -4.34995 -1.98699 -2.29233
Lc[1074]  -16.8939 -35.809 -8.71312
Lc[1075]  4.66943 -7.62454 3.10555
Lc[1076]  7.69239 -0.787132 2.56232
Lc[1077]  -3.57102 0.979279 -1.15336
Lc[1078]  -0.0129816 -0.862579 0.0327074
Lc[1079]  0.497792 -2.71409 -1.73006
Lc[1080]  1.2774 -0.605822 0.381481
Lc[1081]  8.47865 5.42844 2.64256
Lc[1082]  6.52539 3.10965 -1.37672
Lc[1083]  0.326287 -1.33223 -0.0181641
Lc[1084]  -2.50109 -2.70158 -0.881801
Lc[1085]  -0.650165 -1.15389 -0.390007
Lc[1086]  -9.07223 -10.1141 3.96149
Lc[1087]  25.133 -22.4496 12.2741
Lc[1088]  -0.0169286 -0.200319 -0.0813564
Lc[1089]  0.670926 -3.02336 -0.727549
Lc[1090]  -3.98647 -3.00204 1.58351
Lc[1091]  0.730266 -0.185664 0.59298
Lc[1092]  4.62168 -3.95748 3.22142
Lc[1093]  -0.224372 1.11882 -0.366012
Lc[1094]  4.58088 0.942513 -1.20591
Lc[1095]  -5.12919 -2.36637 2.49621
Lc[1096]  2.7361 4.78658 1.89415
Lc[1097]  -1.04031 -1.12627 0.726156
Lc[1098]  2.26445 0.0747526 0.530996
Lc[1099]  4.2911 2.14229 0.0153687
Lc[1100]  -1.31357 -3.74232 -1.54196
Lc[1101]  0.0987486 -3.15916 -1.49956
Lc[1102]  -7.46151 -3.14605 1.15558
Lc[1103]  -0.119378 -1.2985 -0.543735
Lc[1104]  -1.49935 -1.30149 0.211034
Lc[1105]  12.4755 15.3618 1.47414
Lc[1106]  -1.45645 0.46047 0.603187
Lc[1107]  -0.477224 0.287605 -0.807738
Lc[1108]  2.44452 -4.03721 -1.51232
Lc[1109]  -3.1605 -8.21698 1.34607
Lc[1110]  -0.00181656 -2.11039 -2.33
Lc[1111]  -1.56115 -1.05176 0.275572
Lc[1112]  -4.74216 -4.57851 1.78015
Lc[1113]  3.03294 -0.756984 3.14217
Lc[1114]  4.07557 -0.811687 -0.954912
Lc[1115]  1.07119 -24.2826 -8.53004
Lc[1116]  -0.833351 -6.29825 -2.71484
Lc[1117]  -1.43541 -5.18661 -1.83059
Lc[1118]  0.768374 1.72035 1.06871
Lc[1119]  -6.57081 -5.08356 -1.49904
Lc[1120]  0.0607626 -1.87302 -1.19187
Lc[1121]  -1.49506 -1.75568 0.270693
Lc[1122]  -1.08902 -1.43795 0.584795
Lc[1123]  4.08394 -0.780123 0.252963
Lc[1124]  4.27904 -6.71368 -2.61997
Lc[1125]  0.591195 -1.401 -1.06298
Lc[1126]  -2.19584 -3.64408 1.25215
Lc[1127]  6.25696 2.15911 -2.44837
Lc[1128]  -0.334767 3.85107 2.23498
Lc[1129]  -9.0678 -7.87485 -5.56856
Lc[1130]  -1.43643 -3.97675 -0.384775
Lc[1131]  -0.65272 -4.83887 -3.96726
Lc[1132]  0.786687 -6.71263 -2.92265
Lc[1133]  -0.66364 -3.00004 0.409342
Lc[1134]  -0.0234156 0.132721 -0.153592
Lc[1135]  -0.755039 -0.536115 0.0156184
Lc[1136]  -1.23588 -2.712 1.09613
Lc[1137]  1.80788 -0.345746 1.39386
Lc[1138]  11.0404 -0.0291379 0.55138
Lc[1139]  2.61306 -5.37178 0.437041
Lc[1140]  -2.04386 -2.01006 -0.656118
Lc[1141]  6.56078 -3.74628 -2.18046
Lc[1142]  -0.355895 -4.11107 -3.96747
Lc[1143]  -5.5025 -4.02859 -1.8177
Lc[1144]  -7.23143 -10.4522 -2.90341
Lc[1145]  -2.31304 -7.86765 -0.229773
Lc[1146]  7.24532 9.68305 -0.170043
Lc[1147]  -0.824919 -2.80786 0.842314
Lc[1148]  1.29035 -0.575654 1.30781
Lc[1149]  0.555616 -2.0652 0.20499
Lc[1150]  -2.06576 -3.22912 -2.48544
Lc[1151]  0.575756 -3.45567 -2.49209
Lc[1152]  2.83685 -3.86594 0.771274
Lc[1153]  -3.50372 -5.57241 -1.73207
Lc[1154]  -0.971076 -2.27611 -1.40261
Lc[1155]  -2.45145 -11.9995 -3.68553
Lc[1156]  0.896508 -9.39521 -1.0965
Lc[1157]  -0.649602 2.5899 0.310869
Lc[1158]  -1.32205 -1.87889 0.125615
Lc[1159]  -0.813874 -1.57648 0.246756
Lc[1160]  7.10124 0.834401 -1.21245
Lc[1161]  -0.449819 -0.279791 -0.268983
Lc[1162]  3.51191 -27.9908 -15.5581
Lc[1163]  -0.619748 -3.96385 -1.70646
Lc[1164]  -0.00770337 -3.40701 -1.2768
Lc[1165]  -8.31757 -7.80721 -5.84226
Lc[1166]  1.57447 -3.82892 -0.481921
Lc[1167]  -2.45582 -2.17353 0.0643553
Lc[1168]  -1.38965 -2.00253 0.407135
Lc[1169]  -3.01382 -1.78081 -1.01362
Lc[1170]  -5.3577 -3.64762 -1.3131
Lc[1171]  -3.74694 -4.36661 -1.90583
Lc[1172]  -2.20475 -3.74106 -1.47444
Lc[1173]  1.24837 -8.39185 -3.42224
Lc[1174]  3.68129 14.4257 6.12701
Lc[1175]  -0.273543 3.451 1.38361
Lc[1176]  1.75283 1.65817 -0.500527
Lc[1177]  -0.919138 -1.0154 -0.0210188
Lc[1178]  -0.90408 -2.52954 0.277244
Lc[1179]  -0.566714 -3.37449 0.517454
Lc[1180]  0.149174 -3.94879 0.989039
Lc[1181]  -0.41924 -3.09864 -2.42187
Lc[1182]  4.505 5.62437 3.01065
Lc[1183]  -2.47823 -9.03256 -3.58783
Lc[1184]  -1.8504 -5.03098 -3.28105
Lc[1185]  9.95332 4.27359 6.05023
Lc[1186]  -0.852866 -1.62818 0.0602619
Lc[1187]  2.39232 -0.35614 0.487878
Lc[1188]  2.18568 -0.663942 0.0203799
Lc[1189]  3.5919 -2.66358 -3.67123
Lc[1190]  -0.648745 -4.50257 -1.49851
Lc[1191]  3.51022 7.21174 7.88389
Lc[1192]  0.725067 -6.71106 -2.99851
Lc[1193]  -0.673985 0.0551083 -0.0388038
Lc[1194]  -4.63954 -3.90662 -1.00278
Lc[1195]  0.749154 -2.18701 -0.673055
Lc[1196]  -1.29793 -1.06995 -0.0742886
Lc[1197]  -1.24644 -1.84962 -0.0966398
Lc[1198]  2.21748 -0.375188 1.30844
Lc[1199]  -0.558637 -2.11557 -0.0602147
Lc[1200]  -0.592386 -2.53833 0.238019
Lc[1201]  7.44439 -11.8738 -0.486445
Lc[1202]  3.17862 -3.59326 -1.87059
Lc[1203]  1.57595 0.910707 -0.184273
Lc[1204]  1.11816 -2.51316 0.518535
Lc[1205]  0.680994 -2.26053 -1.10225
Lc[1206]  0.209683 -1.44675 0.210279
Lc[1207]  1.64903 -0.196232 -0.490541
Lc[1208]  5.84129 11.6401 -5.61449
Lc[1209]  28.4501 12.0648 15.1601
Lc[1210]  19.751 9.17311 -2.43652
Lc[1211]  -0.342017 -0.27429 0.792685
Lc[1212]  2.5374 1.96731 6.66668
Lc[1213]  1.24297 -0.420322 2.68711
Lc[1214]  32.0194 14.1688 -7.32203
Lc[1215]  18.0442 6.65444 -14.8093
Lc[1216]  18.7985 2.3621 -8.48619
Lc[1217]  11.5755 -2.12958 -0.876374
Lc[1218]  7.71261 -2.07289 -5.91724
Lc[1219]  11.6085 -1.60664 -7.29894
Lc[1220]  10.6751 -2.48082 5.76123
Lc[1221]  11.8154 -1.8912 2.56456
Lc[1222]  2.73326 -0.60647 -1.01896
Lc[1223]  2.61874 -1.67771 -3.66775
Lc[1224]  7.98316 -0.79198 -13.4124
Lc[1225]  1.35557 0.326536 3.47782
Lc[1226]  -0.449686 1.42325 4.5059
Lc[1227]  5.08663 -1.10338 0.240873
Lc[1228]  15.022 -6.22034 -0.316898
Lc[1229]  10.3653 -5.80451 -6.39594
Lc[1230]  0.396634 -0.150625 -0.281242
Lc[1231]  4.36981 -2.44397 -3.95854
Lc[1232]  -5.29719 5.67315 2.76043
Lc[1233]  -4.55203 7.76445 21.4099
Lc[1234]  3.33169 0.537313 -3.61759
Lc[1235]  7.47727 -1.98467 -15.1585
Lc[1236]  -0.803069 1.75154 1.08452
Lc[1237]  0.109863 -0.140094 2.23586
Lc[1238]  1.32187 -0.988397 -1.31242
Lc[1239]  6.86429 -4.39808 3.24817
Lc[1240]  2.26463 -0.332787 -1.60749
Lc[1241]  1.40626 -0.566293 -1.27309
Lc[1242]  11.1223 -3.99936 -8.96868
Lc[1243]  2.55096 -0.630715 -3.01151
Lc[1244]  8.57663 -7.93432 -1.98503
Lc[1245]  1.45624 -0.354959 -1.47065
Lc[1246]  1.06534 0.431577 -0.553753
Lc[1247]  1.85281 -1.0591 -1.60966
Lc[1248]  2.61255 -3.7378 -8.23047
Lc[1249]  2.80037 -2.22712 0.53499
Lc[1250]  2.54017 -2.42714 -2.44059
Lc[1251]  6.02997 -1.96293 -2.00701
Lc[1252]  5.21297 2.58027 -4.77725
Lc[1253]  8.18688 -6.70291 -7.52788
Lc[1254]  4.38912 -4.18541 -5.93452
Lc[1255]  -0.0997801 0.42593 0.277202
Lc[1256]  1.41402 -1.77794 -1.59783
Lc[1257]  1.24133 -2.39723 -1.50526
Lc[1258]  -2.11421 -1.11157 3.92451
Lc[1259]  2.23125 1.26254 -2.51648
Lc[1260]  3.07804 -5.5397 -2.1237
Lc[1261]  8.4083 0.59437 -6.25975
Lc[1262]  1.9847 -2.01107 -1.71429
Lc[1263]  2.72247 -3.7822 -2.66425
Lc[1264]  -1.19904 4.7424 5.63448
Lc[1265]  4.45804 -6.85166 -3.15918
Lc[1266]  -1.23465 2.17393 1.33225
Lc[1267]  4.47334 -5.83266 -1.36955
Lc[1268]  1.89188 -8.48682 -3.14239
Lc[1269]  12.4321 3.69887 -14.6129
Lc[1270]  1.81336 -0.394103 -1.3228
Lc[1271]  6.30129 -5.33605 -3.04757
Lc[1272]  -2.69198 4.34476 5.55421
Lc[1273]  3.06154 -1.80106 -2.29307
Lc[1274]  -3.50402 -1.9555 6.18211
Lc[1275]  -3.52201 2.70887 2.77963
Lc[1276]  -1.46124 2.12733 1.90866
Lc[1277]  -1.42378 2.17825 1.39533
Lc[1278]  2.9543 -4.47305 -3.54529
Lc[1279]  3.16572 -0.210075 -6.84737
Lc[1280]  -5.57432 2.90459 4.06985
Lc[1281]  -2.08467 -1.86663 6.95954
Lc[1282]  -0.719138 2.29251 1.61422
Lc[1283]  2.81638 -4.1717 -2.76202
Lc[1284]  0.44572 0.354186 0.0915813
Lc[1285]  2.01227 0.175907 -1.32286
Lc[1286]  -3.00733 1.8628 0.421893
Lc[1287]  5.5963 1.45515 -2.64302
Lc[1288]  5.98448 -1.65597 -1.53909
Lc[1289]  0.889835 -2.27507 -1.37537
Lc[1290]  0.893799 -2.27769 -1.17221
Lc[1291]  3.90154 -3.23867 -3.16958
Lc[1292]  2.27821 0.0284836 -2.88085
Lc[1293]  5.46145 -2.54202 -2.16738
Lc[1294]  -2.99072 0.461253 2.08736
Lc[1295]  -14.9826 -3.00044 1.29635
Lc[1296]  2.71829 -2.64023 -1.91847
Lc[1297]  1.06007 0.660719 -1.82805
Lc[1298]  -4.19917 1.95608 1.67343
Lc[1299]  1.46997 -2.24955 -1.37681
Lc[1300]  -4.07597 9.26981 9.8814
Lc[1301]  4.13825 0.866626 -4.32599
Lc[1302]  6.08362 -7.52477 -4.11978
Lc[1303]  2.94344 -0.10811 -2.45697
Lc[1304]  -0.558009 -0.200558 0.0360128
Lc[1305]  1.39925 -3.02836 -2.29605
Lc[1306]  5.241 -0.117746 -11.378
Lc[1307]  0.247785 0.0451426 1.41577
Lc[1308]  4.33976 -1.60618 -3.29788
Lc[1309]  8.79865 0.236643 -3.40972
Lc[1310]  -8.8353 -0.221653 5.46073
Lc[1311]  0.182526 -0.173622 -0.153677
Lc[1312]  2.77634 -0.831137 -1.27074
Lc[1313]  -9.64008 2.61852 18.473
Lc[1314]  -2.7103 -0.114476 2.20076
Lc[1315]  2.12721 0.751448 3.43629
Lc[1316]  3.03203 -1.59755 -6.66033
Lc[1317]  -12.9425 -13.576 4.18718
Lc[1318]  31.4516 1.13375 6.9444
Lc[1319]  -3.58323 -3.00359 0.642067
Lc[1320]  -9.17795 -7.69564 5.36184
Lc[1321]  -2.91162 -0.645377 -0.188359
Lc[1322]  -0.747272 -0.339153 0.489052
Lc[1323]  4.31358 1.89084 -1.62517
Lc[1324]  4.11131 1.1562 -4.1656
Lc[1325]  1.00137 0.00941916 -0.941177
Lc[1326]  1.97162 0.463019 -1.18735
Lc[1327]  -2.50814 -6.09055 3.22985
Lc[1328]  1.12961 -1.5515 -1.41752
Lc[1329]  -0.0140053 0.00474771 0.00883173
Lc[1330]  -1.87692 -0.325063 1.39253
Lc[1331]  6.93347 -0.967503 -5.11554
Lc[1332]  2.76631 -4.85693 -2.28768
Lc[1333]  4.36577 -2.23166 -2.06732
Lc[1334]  2.63508 -1.31152 -1.72021
Lc[1335]  1.83425 0.952646 -3.13142
Lc[1336]  2.15991 0.273327 -3.59499
Lc[1337]  0.946036 -1.08581 2.01265
Lc[1338]  3.92279 0.756921 -3.12918
Lc[1339]  4.81284 3.45628 -5.08618
Lc[1340]  -0.642543 -0.229826 0.728306
Lc[1341]  3.28048 1.83795 -7.91065
Lc[1342]  1.25158 0.868912 -2.24701
Lc[1343]  1.95697 -1.4659 -2.4226
Lc[1344]  2.98148 -8.66242 -0.855096
Lc[1345]  -0.239308 -0.206397 0.80521
Lc[1346]  0.990907 15.2915 -21.8717
Lc[1347]  9.06718 -7.81091 -4.24456
Lc[1348]  1.55435 -0.497963 -1.21511
Lc[1349]  1.4186 -0.376029 -1.16742
Lc[1350]  -4.40127 0.324563 3.29144
Lc[1351]  8.2475 -0.338736 -3.5575
Lc[1352]  5.06896 -1.41069 -1.57333
Lc[1353]  2.61758 -3.26695 -4.71455
Lc[1354]  4.10359 -0.0709392 8.1581
Lc[1355]  -5.94044 -2.27871 6.4134
Lc[1356]  2.31069 -0.589241 2.74589
Lc[1357]  0.302206 -2.72053 6.70876
Lc[1358]  4.10087 -1.49631 -3.81611
Lc[1359]  0.332004 -0.656325 -0.445515
Lc[1360]  3.23983 0.740659 -5.09028
Lc[1361]  19.7803 8.29734 3.58699
Lc[1362]  3.40756 2.28132 -7.26729
Lc[1363]  2.28074 -2.01342 -2.46768
Lc[1364]  -0.857159 12.2214 -7.14942
Lc[1365]  2.30126 -0.0115426 -2.23524
Lc[1366]  -0.119422 0.0886317 -0.221111
Lc[1367]  1.50848 0.84494 -1.69093
Lc[1368]  6.50378 -2.60025 -0.950262
Lc[1369]  2.55696 0.655531 -3.07535
Lc[1370]  9.68333 -2.18626 -11.1243
Lc[1371]  4.05603 2.1254 -2.8405
Lc[1372]  1.4645 -0.436315 -1.29665
Lc[1373]  4.73196 -1.35386 -2.54713
Lc[1374]  1.58561 -2.06118 -2.54846
Lc[1375]  1.03263 -0.148184 -1.09636
Lc[1376]  2.42163 -0.857022 -3.61809
Lc[1377]  0.0972975 0.229692 3.0608
Lc[1378]  1.49267 1.13689 -1.42371
Lc[1379]  0.0671813 -1.79115 3.8807
Lc[1380]  3.64267 -3.42908 -1.89278
Lc[1381]  -0.244775 -0.0864882 0.148032
Lc[1382]  3.9808 2.07845 -4.15444
Lc[1383]  2.25778 1.47005 -11.221
Lc[1384]  1.02674 0.626534 1.70894
Lc[1385]  3.23223 -0.161134 -1.77769
Lc[1386]  -0.486871 -0.722247 -3.08995
Lc[1387]  0.438609 -0.617263 2.09483
Lc[1388]  0.841179 -1.81689 5.07122
Lc[1389]  0.661432 0.269612 2.33684
Lc[1390]  0.217858 -1.21946 3.24717
Lc[1391]  -1.45554 -0.577264 0.925555
Lc[1392]  15.0626 3.69222 7.16262
Lc[1393]  7.10711 -3.0557 2.98891
Lc[1394]  1.48446 -0.308969 0.453907
Lc[1395]  3.11081 2.08372 1.74562
Lc[1396]  -0.304794 -4.73779 1.18882
Lc[1397]  0.782074 0.0892382 0.182825
Lc[1398]  -12.825 7.24678 -5.31548
Lc[1399]  2.96636 3.48724 2.61023
Lc[1400]  4.46836 -3.45739 3.52465
Lc[1401]  32.0712 -4.23196 13.6215
Lc[1402]  3.56749 -2.64754 4.6287
Lc[1403]  6.63081 -1.17096 3.6494
Lc[1404]  5.64299 -5.64384 6.34365
Lc[1405]  8.65001 -6.56411 5.04083
Lc[1406]  -1.55172 -1.27621 -0.81167
Lc[1407]  3.22791 -1.97083 2.76797
Lc[1408]  10.6675 1.3037 2.7499
Lc[1409]  0.119318 -0.0490898 0.0883406
Lc[1410]  4.87417 -1.55381 1.64163
Lc[1411]  0.221162 -0.0416152 0.107047
Lc[1412]  4.48762 -2.59521 0.361264
Lc[1413]  -2.55864 -0.904486 -1.27585
Lc[1414]  3.83796 -2.31711 0.556048
Lc[1415]  -0.458384 -3.80275 3.19487
Lc[1416]  0.32142 -2.88783 2.41806
Lc[1417]  6.74098 -5.74311 4.07438
Lc[1418]  6.2971 -8.63523 2.73458
Lc[1419]  -5.58704 0.601646 -0.715913
Lc[1420]  -3.74178 4.29325 0.253345
Lc[1421]  2.03322 -1.83461 1.23115
Lc[1422]  8.55414 -3.67761 -1.15232
Lc[1423]  1.71775 -0.812553 1.38438
Lc[1424]  0.647257 -0.459162 0.244391
Lc[1425]  1.31968 -0.883317 0.503993
Lc[1426]  4.52101 -1.4828 3.06967
Lc[1427]  2.72896 -5.34795 0.0932726
Lc[1428]  -12.076 -1.33979 -2.0166
Lc[1429]  -2.8203 3.14854 -1.34417
Lc[1430]  3.99483 -4.8374 2.34056
Lc[1431]  4.953 -5.26398 0.247593
Lc[1432]  11.5638 -7.75227 -5.05219
Lc[1433]  1.53117 -1.46934 1.46279
Lc[1434]  1.10973 -2.26226 0.900914
Lc[1435]  1.27529 -2.67484 -0.982605
Lc[1436]  9.47962 -4.57092 -1.94968
Lc[1437]  0.34732 -0.553669 0.28556
Lc[1438]  1.42909 -1.76596 0.681478
Lc[1439]  5.46466 -6.47235 2.19772
Lc[1440]  4.36025 -0.432989 -0.188914
Lc[1441]  5.43855 -2.03191 -1.14125
Lc[1442]  0.704217 -0.198808 -0.0488347
Lc[1443]  1.07305 -2.03528 5.90898
Lc[1444]  6.59257 2.25897 3.47818
Lc[1445]  -4.22487 3.96317 -0.200692
Lc[1446]  3.8599 7.98606 1.98646
Lc[1447]  -18.0758 19.1746 7.84564
Lc[1448]  3.1058 -6.21527 0.463668
Lc[1449]  6.67516 -7.37598 -0.546362
Lc[1450]  -0.270128 0.0342828 -0.192994
Lc[1451]  -10.2323 7.21709 -3.24674
Lc[1452]  -6.55275 2.62869 -3.02279
Lc[1453]  21.0567 4.58804 0.0962378
Lc[1454]  -0.00896899 0.0177922 0.0604724
Lc[1455]  1.48132 -2.48985 0.496513
Lc[1456]  1.27566 -0.246172 -0.758722
Lc[1457]  -3.46906 1.95896 -0.0473845
Lc[1458]  -1.81604 3.67192 0.824746
Lc[1459]  -3.12693 -2.74365 -2.45842
Lc[1460]  -0.667449 0.28834 -0.459989
Lc[1461]  0.83636 -0.446515 0.198902
Lc[1462]  26.3105 3.39143 0.877897
Lc[1463]  -0.684221 -3.08545 2.22531
Lc[1464]  0.0479319 1.6907 -3.61594
Lc[1465]  -5.45642 6.69505 -1.96888
Lc[1466]  9.48716 8.71546 -13.3511
Lc[1467]  -1.89957 -1.37946 1.19225
Lc[1468]  0.571958 0.171696 0.170041
Lc[1469]  0.140288 0.0498218 0.0123927
Lc[1470]  -18.133 5.48517 3.54905
Lc[1471]  -6.98643 0.768626 -1.88747
Lc[1472]  -0.641542 0.377495 0.112195
Lc[1473]  -0.446616 -0.0615074 -0.0762998
Lc[1474]  -9.78856 1.89417 -2.97204
Lc[1475]  2.15361 -7.22955 8.80101
Lc[1476]  1.6352 -0.227852 0.578684
Lc[1477]  4.64499 -5.01198 2.73213
Lc[1478]  -2.34308 -0.0762075 -1.93996
Lc[1479]  -10.8633 5.20081 -4.4378
Lc[1480]  -1.94997 -0.945061 -0.336384
Lc[1481]  -8.43249 -1.96384 -0.85042
Lc[1482]  4.92033 -6.34616 -1.10321
Lc[1483]  5.57051 6.47718 6.48533
Lc[1484]  15.4021 7.67577 3.0308
Lc[1485]  3.68758 0.821505 2.60608
Lc[1486]  -8.31469 -4.18187 4.20983
Lc[1487]  0.979486 -0.239325 0.652624
Lc[1488]  5.88399 -1.56046 2.66243
Lc[1489]  2.8971 -1.08735 0.306488
Lc[1490]  4.39127 -2.39251 3.88178
Lc[1491]  13.7572 7.11382 12.5781
Lc[1492]  -4.02614 -8.02558 0.893485
Lc[1493]  2.73111 -1.14634 1.34197
Lc[1494]  3.54068 -1.42411 -0.0816536
Lc[1495]  1.60909 -0.931341 -0.155021
Lc[1496]  -2.07037 -2.88638 2.69552
Lc[1497]  -1.18323 -0.273731 -0.449595
Lc[1498]  -5.51058 -0.642123 -1.81213
Lc[1499]  -2.75659 -5.16328 -1.39374
Lc[1500]  -3.87559 0.969372 -0.221635
Lc[1501]  -14.7615 4.70582 41.7883
Lc[1502]  5.44061 1.02483 5.30499
Lc[1503]  1.81285 -0.97829 2.23606
Lc[1504]  4.30253 -1.47764 5.18778
Lc[1505]  0.545154 0.0609952 0.164842
Lc[1506]  -0.94361 -2.22916 1.84499
Lc[1507]  -4.56862 -4.04717 -2.68415
Lc[1508]  -15.6938 2.7314 1.61857
Lc[1509]  -0.221942 -0.333214 1.27921
Lc[1510]  -1.46045 0.554721 0.0692059
Lc[1511]  2.01015 0.129176 -0.0867959
Lc[1512]  4.03134 -0.670319 -0.481186
Lc[1513]  -0.050912 0.0273267 -0.0871173
Lc[1514]  -0.0639772 -1.58633 1.77425
Lc[1515]  1.07025 5.30886 -8.15923
Lc[1516]  0.00289545 0.0666154 -0.0769258
Lc[1517]  -4.75739 21.0614 18.545
Lc[1518]  5.8437 -2.04695 -1.43263
Lc[1519]  6.46783 -6.69493 1.45138
Lc[1520]  9.17055 0.847496 0.29518
Lc[1521]  14.3639 14.8493 18.8685
Lc[1522]  -1.83102 -2.95658 4.93515
Lc[1523]  -2.32183 -0.758788 -1.15867
Lc[1524]  -0.231926 -0.0741259 -0.0807555
Lc[1525]  -0.721355 -0.850555 1.47115
Lc[1526]  8.32151 -7.04444 2.45859
Lc[1527]  9.13242 6.39464 14.16
Lc[1528]  13.2111 3.90986 1.17283
Lc[1529]  -0.127953 1.46096 -1.0488
Lc[1530]  -0.0360746 -0.0970197 0.160056
Lc[1531]  8.6966 0.798583 4.32399
Lc[1532]  2.55278 1.20746 2.78618
Lc[1533]  1.08963 0.530966 0.951045
Lc[1534]  3.93135 1.26822 2.143
Lc[1535]  -2.08804 -0.74467 -0.959476
Lc[1536]  -1.58326 -0.132076 -3.12017
Lc[1537]  -0.285477 -0.00301122 -0.0137231
Lc[1538]  2.14092 0.697823 0.979336
Lc[1539]  -4.06195 -1.53177 -2.0844
Lc[1540]  0.170065 -2.13123 4.17985
Lc[1541]  8.5135 0.158486 -7.15364
Lc[1542]  0.402139 2.48396 -3.01745
Lc[1543]  0.893236 1.03832 0.560982
Lc[1544]  14.7559 -7.02659 -3.31452
Lc[1545]  7.06825 -4.72737 5.62556
Lc[1546]  3.19559 -1.10074 2.3867
Lc[1547]  -0.689066 -0.14498 1.07666
Lc[1548]  0.854905 0.983593 0.501024
Lc[1549]  0.742573 -0.107943 5.52571
Lc[1550]  2.24632 -0.374675 0.372666
Lc[1551]  -1.78465 -2.46174 -2.44756
Lc[1552]  0.403577 0.185713 0.259435
Lc[1553]  -3.14255 -9.94354 14.0265
Lc[1554]  3.47547 2.88505 0.526523
Lc[1555]  -13.9472 -5.2569 -3.79951
Lc[1556]  3.42706 -1.10551 0.752272
Lc[1557]  -0.797134 -3.24417 3.27509
Lc[1558]  4.4793 3.95018 3.24629
Lc[1559]  2.96949 2.92763 1.07389
Lc[1560]  2.37887 1.59164 -0.0667568
Lc[1561]  1.26021 1.13134 0.227131
Lc[1562]  15.0453 -2.97735 1.26181
Lc[1563]  1.08943 0.0543363 1.07297
Lc[1564]  0.394906 0.00608718 0.54877
Lc[1565]  0.657815 -2.14881 3.25966
Lc[1566]  -0.849173 -1.44265 0.808303
Lc[1567]  0.880696 0.79218 0.369694
Lc[1568]  4.73181 2.89322 1.69442
Lc[1569]  1.09823 0.672509 0.114223
Lc[1570]  14.891 -5.80193 7.15235
Lc[1571]  0.443117 -3.24309 3.9505
Lc[1572]  5.3782 -1.45548 0.491047
Lc[1573]  3.46174 1.44913 2.83448
Lc[1574]  2.00481 0.665418 0.951606
Lc[1575]  0.482899 0.151896 0.166188
Lc[1576]  4.32411 2.28723 2.19762
Lc[1577]  0.440629 0.040905 0.212143
Lc[1578]  -2.06094 -0.285015 -1.77201
Lc[1579]  -4.88192 -0.914933 -1.08055
Lc[1580]  -0.840811 -2.45766 4.25687
Lc[1581]  -0.462674 -0.116888 -0.154767
Lc[1582]  -2.31178 -1.01572 -0.814044
Lc[1583]  4.45534 2.23611 1.01008
Lc[1584]  3.74863 1.12604 0.365629
Lc[1585]  16.4894 8.54441 -0.364112
Lc[1586]  9.12199 6.82799 -3.7592
Lc[1587]  -0.733887 -0.764315 0.911772
Lc[1588]  -0.594371 -0.490761 -0.287401
Lc[1589]  6.28656 -6.21052 0.984722
Lc[1590]  -2.20594 -0.43715 -0.618226
Lc[1591]  4.39029 0.652945 1.7256
Lc[1592]  1.63446 0.989138 1.90909
Lc[1593]  0.153114 0.356056 0.333565
Lc[1594]  1.74427 1.15269 -0.597802
Lc[1595]  0.746743 0.394148 -0.172246
Lc[1596]  -2.50215 0.132389 -0.425397
Lc[1597]  -4.27075 -1.99358 -1.28768
Lc[1598]  -0.54095 -0.532118 1.46347
Lc[1599]  8.90392 1.52409 6.12025
Lc[1600]  -8.65211 -7.86169 33.4635
Lc[1601]  0.330926 -2.95435 3.58965
Lc[1602]  0.205732 0.0442481 0.0678296
Lc[1603]  4.04152 -0.715137 5.34476
Lc[1604]  2.0563 0.0408698 2.07621
Lc[1605]  4.28583 -0.552555 2.70935
Lc[1606]  -2.7402 0.0296283 -1.19594
Lc[1607]  -0.258457 -2.41343 4.27625
Lc[1608]  9.67835 2.30017 5.71782
Lc[1609]  3.38812 1.47232 1.29111
Lc[1610]  -6.85931 -2.23416 0.426409
Lc[1611]  11.8606 1.12358 -1.0269
Lc[1612]  0.543839 0.118919 -0.228535
Lc[1613]  2.67261 1.06655 2.44033
Lc[1614]  4.48505 1.55678 2.97956
Lc[1615]  1.23181 0.55806 0.398339
Lc[1616]  9.62196 1.28399 3.60936
Lc[1617]  -4.17825 -3.0844 -4.05225
Lc[1618]  1.15565 -0.521385 1.25783
Lc[1619]  21.0481 -4.20307 1.77844
Lc[1620]  -27.8791 7.44238 -2.48905
Lc[1621]  0.306904 -0.976385 1.05564
Lc[1622]  4.20306 -1.69223 1.95132
Lc[1623]  2.9785 -0.258355 1.56461
Lc[1624]  6.03134 0.949141 2.58635
Lc[1625]  0.123908 -0.247183 0.567487
Lc[1626]  6.34433 0.087597 4.36649
Lc[1627]  1.47466 -0.205253 1.18832
Lc[1628]  6.0984 -4.6464 4.04613
Lc[1629]  9.38568 17.3481 -19.7366
Lc[1630]  4.801 1.90554 0.371173
Lc[1631]  4.50147 1.88346 -0.332109
Lc[1632]  4.46478 2.73755 -0.525105
Lc[1633]  1.16797 0.42232 -0.567205
Lc[1634]  0.317053 -0.602206 0.259201
Lc[1635]  -0.0409022 0.761278 -0.458715
Lc[1636]  3.4855 0.11305 1.70383
Lc[1637]  6.76768 0.925818 1.7819
Lc[1638]  4.52671 -0.314501 -0.892463
Lc[1639]  4.02879 0.269073 0.386504
Lc[1640]  4.11408 -1.56131 2.99934
Lc[1641]  -0.609321 0.486245 -0.43815
Lc[1642]  1.94442 0.229338 1.77834
Lc[1643]  -3.24545 -0.87856 -2.1799
Lc[1644]  5.08485 0.799759 3.98085
Lc[1645]  10.2698 1.30231 0.7994
Lc[1646]  -3.92201 -0.0101019 -1.84706
Lc[1647]  0.710649 0.057678 -0.0731382
Lc[1648]  6.23826 -3.93973 4.28066
Lc[1649]  4.39421 -1.22001 3.79333
Lc[1650]  13.8089 8.31142 9.81816
Lc[1651]  -1.81788 0.0200073 -0.548396
Lc[1652]  0.32788 -0.0373783 0.0256202
Lc[1653]  5.84319 0.468434 -0.535188
Lc[1654]  -2.84738 0.890672 -1.87395
Lc[1655]  2.46665 2.77057 1.0318
Lc[1656]  2.16759 2.16976 1.24329
Lc[1657]  0.294752 -3.37353 3.33937
Lc[1658]  5.08667 -0.0920779 1.44556
Lc[1659]  3.76857 -0.317138 1.42062
Lc[1660]  2.87972 -0.239554 3.76413
Lc[1661]  3.90932 -0.394472 2.90537
Lc[1662]  -0.192465 -4.43983 4.34292
Lc[1663]  0.190282 -3.2352 4.10734
Lc[1664]  -0.354759 -2.07948 2.66003
Lc[1665]  0.491779 -1.8914 6.69538
Lc[1666]  -2.40498 -1.18556 7.6801
Lc[1667]  -0.572777 -2.54419 4.16937
Lc[1668]  -0.877264 -1.75615 1.54346
Lc[1669]  -2.0169 -1.51756 3.24556
Lc[1670]  9.03646 1.75143 -11.5036
Lc[1671]  0.814734 0.329275 -0.898034
Lc[1672]  -0.0113807 -0.340547 0.85455
Lc[1673]  -3.37271 0.110012 5.05712
Lc[1674]  11.1413 -21.1624 5.24607
Lc[1675]  -0.501336 -2.89533 3.66663
Lc[1676]  -6.12789 -5.2891 8.21474
Lc[1677]  -1.00261 -11.5086 9.48892
Lc[1678]  0.390637 1.47056 -1.74002
Lc[1679]  0.145942 -1.27076 0.611882
Lc[1680]  0.324287 -0.474638 0.696093
Lc[1681]  -2.36961 -4.82884 6.26399
Lc[1682]  1.13854 2.47853 -3.59289
Lc[1683]  0.266501 -0.61447 0.58283
Lc[1684]  5.73601 -5.211 5.38795
Lc[1685]  -0.248843 1.71199 -2.40349
Lc[1686]  10.9458 -5.50716 4.22784
Lc[1687]  1.05318 2.03605 -3.74039
Lc[1688]  0.280309 1.73217 -1.65512
Lc[1689]  0.565481 -2.1596 3.49856
Lc[1690]  0.01983 0.0794477 -0.0958783
Lc[1691]  -2.65902 -36.3345 14.2541
Lc[1692]  -0.218261 -0.434276 2.80727
Lc[1693]  -1.33869 -30.6533 31.3283
Lc[1694]  -0.000703318 -0.0367038 0.0772058
Lc[1695]  -0.184242 -1.96126 3.5479
Lc[1696]  -0.261596 4.39299 -2.48155
Lc[1697]  0.922604 -1.65461 3.88727
Lc[1698]  -32.1629 -22.2262 8.71015
Lc[1699]  -4.08882 12.3171 15.7575
Lc[1700]  0.0768602 0.166771 -0.658656
Lc[1701]  3.54897 -2.50019 2.83677
Lc[1702]  -0.144095 -0.0494626 0.224802
Lc[1703]  -0.443362 -1.11008 0.738005
Lc[1704]  -0.445645 1.58654 -5.10773
Lc[1705]  -1.65933 8.11106 -8.06667
Lc[1706]  0.937555 -0.0294683 1.05653
Lc[1707]  -0.0743315 -1.3778 0.693451
Lc[1708]  -0.130924 7.427 -8.88771
Lc[1709]  4.12896 -6.38263 22.5074
Lc[1710]  1.80893 1.21275 -2.78394
Lc[1711]  0.0519098 -1.10704 1.05412
Lc[1712]  -2.87635 -2.91826 2.81849
Lc[1713]  -2.63453 3.8037 16.3475
Lc[1714]  3.45778 0.606637 4.91125
Lc[1715]  -0.352184 -0.518296 0.998437
Lc[1716]  2.84076 6.20764 -3.7966
Lc[1717]  -3.94174 -1.35991 2.96566
Lc[1718]  0.948652 4.26673 -1.94837
Lc[1719]  -0.0536011 0.435902 -0.407775
Lc[1720]  -0.561365 -0.30267 0.809135
Lc[1721]  0.291046 1.52426 -1.09676
Lc[1722]  -3.20234 3.69389 -5.02119
Lc[1723]  0.0578046 2.92368 -2.51276
Lc[1724]  -0.0233542 0.0818526 -0.159446
Lc[1725]  8.20931 3.27154 -1.27391
Lc[1726]  -0.547461 -0.744735 1.12089
Lc[1727]  0.0104277 0.626039 -1.16096
Lc[1728]  -6.85693 -1.38702 5.0212
Lc[1729]  0.761359 -0.418777 2.01203
Lc[1730]  -1.34487 -2.96807 6.64783
Lc[1731]  -2.73007 0.0283988 3.02723
Lc[1732]  1.23334 3.49116 -9.89209
Lc[1733]  -1.20832 -3.34305 2.03505
Lc[1734]  -0.549665 -0.685098 0.626964
Lc[1735]  4.32667 8.27609 9.80239
Lc[1736]  2.17297 3.44526 -7.64101
Lc[1737]  0.101182 -1.16561 2.6481
Lc[1738]  -2.19654 -1.23658 2.60255
Lc[1739]  0.430333 1.68453 -3.5127
Lc[1740]  0.400924 0.259426 -0.734404
Lc[1741]  -0.794749 -0.315058 1.1915
Lc[1742]  1.16726 5.10035 -7.26704
Lc[1743]  2.55678 -3.73024 1.41471
Lc[1744]  -0.886232 -0.309249 0.924493
Lc[1745]  -0.51342 -2.40197 2.17252
Lc[1746]  -1.47539 -7.22308 3.34117
Lc[1747]  -1.65008 -2.17103 1.4307
Lc[1748]  4.49476 -4.64787 5.96635
Lc[1749]  -0.298113 1.34652 -2.02578
Lc[1750]  4.10064 2.07458 -5.24407
Lc[1751]  -0.0900709 0.62746 -0.65444
Lc[1752]  -1.82217 -2.48016 4.99712
Lc[1753]  0.250777 -3.03445 3.01586
Lc[1754]  0.0801848 -0.320093 0.121524
Lc[1755]  -0.00666598 -0.374876 0.831967
Lc[1756]  1.06656 3.47388 -7.38569
Lc[1757]  1.19551 -4.84861 3.37243
Lc[1758]  7.90919 -2.82683 11.7172
Lc[1759]  -0.0162584 0.209259 -0.229854
Lc[1760]  1.14883 -1.59106 1.86354
Lc[1761]  -4.47647 -0.42596 5.81436
Lc[1762]  1.58262 -0.828776 3.14151
Lc[1763]  -1.23909 -0.784294 2.96247
Lc[1764]  -3.00325 -1.56153 1.60391
Lc[1765]  0.226156 0.572311 -0.673244
Lc[1766]  -0.69469 -0.916054 4.41828
Lc[1767]  -0.828547 2.03138 -4.22144
Lc[1768]  -1.58147 -4.53384 5.46926
Lc[1769]  -0.97382 -1.03851 1.57345
Lc[1770]  0.0419122 -0.0990282 0.256809
Lc[1771]  -3.03734 -1.185 2.50301
Lc[1772]  -1.93839 -3.21963 6.57506
Lc[1773]  -1.73121 -4.02421 7.84102
Lc[1774]  -3.45722 -1.12909 4.04163
Lc[1775]  -1.60412 -1.94224 2.90948
Lc[1776]  0.37336 -2.11054 1.99404
Lc[1777]  2.85303 4.06491 -3.45183
Lc[1778]  -0.390733 -0.132314 0.644172
Lc[1779]  -2.84693 -0.782328 3.37958
Lc[1780]  -0.877867 -1.65615 1.12683
Lc[1781]  -0.521171 -0.757311 4.46599
Lc[1782]  -0.0175242 -2.97145 1.86551
Lc[1783]  8.5213 17.5536 27.5652
Lc[1784]  2.94873 -5.96972 6.03085
Lc[1785]  0.0732277 0.017387 -0.0496922
Lc[1786]  -0.847708 -1.05364 2.14557
Lc[1787]  0.494286 2.35662 -5.3224
Lc[1788]  1.32894 -0.759815 2.13586
Lc[1789]  -1.45587 -3.22467 3.24732
Lc[1790]  1.89917 -6.05426 5.90614
Lc[1791]  -0.285822 1.07603 -0.804277
Lc[1792]  -0.0966935 -1.80371 2.16429
Lc[1793]  -0.221419 -2.41055 1.25664
Lc[1794]  0.773247 0.329372 -0.631191
Lc[1795]  1.0345 1.2547 -0.434353
Lc[1796]  0.139898 -2.52636 2.36666
Lc[1797]  0.0144463 0.702845 -0.660551
Lc[1798]  -2.47537 6.1045 -7.06269
Lc[1799]  13.823 -4.65832 16.025
Lc[1800]  -1.32272 -0.650085 1.7365
Lc[1801]  -2.76717 -1.52931 2.50853
Lc[1802]  -0.686371 -2.91189 1.82285
Lc[1803]  0.370072 -1.86262 0.644833
Lc[1804]  -0.286455 -2.90657 0.982687
Lc[1805]  -5.34719 -3.79754 5.59839
Lc[1806]  6.36196 -54.4782 22.703
Lc[1807]  -0.0277615 -0.450037 1.31702
Lc[1808]  0.0157092 -1.64493 1.25275
Lc[1809]  2.12629 -4.22602 2.65497
Lc[1810]  1.78549 1.66579 -2.16416
Lc[1811]  0.0043477 -1.07288 0.493376
Lc[1812]  -0.292845 -0.281824 0.904906
Lc[1813]  -1.16796 -1.64712 5.30396
Lc[1814]  -2.0629 -1.12922 3.32442
Lc[1815]  -0.568904 3.1942 -3.97466
Lc[1816]  0.789344 -4.97489 5.91108
Lc[1817]  0.173524 -4.23209 3.08581
Lc[1818]  -4.5017 -26.1098 23.5032
Lc[1819]  0.46576 -0.450702 1.75938
Lc[1820]  -0.0112436 0.312251 -0.261114
Lc[1821]  2.48036 4.87912 -1.22296
Lc[1822]  0.346353 -3.55824 1.25478
Lc[1823]  -0.396063 -2.8891 1.67454
Lc[1824]  -1.26791 -4.00328 2.08553
Lc[1825]  -0.904544 -4.70492 4.32137
Lc[1826]  -19.3418 -19.3234 19.9402
Lc[1827]  2.61309 -0.203247 -3.09517
Lc[1828]  -4.14685 -2.75301 3.66148
Lc[1829]  -1.49883 -1.31106 1.82063
Lc[1830]  0.034037 -0.3467 0.674577
Lc[1831]  0.407749 1.05234 -0.614848
Lc[1832]  0.714779 3.62158 -4.24654
Lc[1833]  -1.10354 -2.87278 1.09952
Lc[1834]  -6.86352 -9.84963 7.39793
Lc[1835]  -0.102239 0.445357 -0.418297
Lc[1836]  0.00709248 -0.671714 1.12101
Lc[1837]  1.47034 -1.67942 4.5942
Lc[1838]  1.49317 -1.83908 0.810663
Lc[1839]  -1.11552 -1.63742 1.79327
Lc[1840]  0.556927 5.09865 -3.83823
Lc[1841]  -0.105319 -1.58402 1.23426
Lc[1842]  -0.427194 -2.18024 0.69963
Lc[1843]  0.135258 -1.03143 0.519252
Lc[1844]  0.601534 -2.01102 1.07884
Lc[1845]  0.0759033 -3.74242 2.51946
Lc[1846]  -1.86484 11.4577 9.156
Lc[1847]  -2.25156 5.9723 8.97529
Lc[1848]  -2.80616 7.17846 10.1046
Lc[1849]  -4.43093 9.07301 10.5836
Lc[1850]  -1.83542 4.81871 9.63022
Lc[1851]  0.485445 -0.130705 5.77194
Lc[1852]  1.19427 -0.936349 4.45253
Lc[1853]  1.82571 0.874469 4.36191
Lc[1854]  -0.833179 0.763356 1.91147
Lc[1855]  -0.483918 0.289652 2.9318
Lc[1856]  -1.63671 1.47689 5.98336
Lc[1857]  -0.0920195 0.208708 1.07361
Lc[1858]  -15.9816 9.93874 -14.6041
Lc[1859]  -0.0767788 0.390012 -0.932304
Lc[1860]  0.242539 -2.2055 5.68101
Lc[1861]  3.83476 -1.22404 7.34833
Lc[1862]  0.494317 0.964939 2.0947
Lc[1863]  -0.707265 0.779961 5.34506
Lc[1864]  -0.81454 0.233514 3.56805
Lc[1865]  -0.899204 3.26415 1.96995
Lc[1866]  0.203824 -0.144503 -1.6093
Lc[1867]  -0.488246 0.202901 2.33493
Lc[1868]  0.281384 -1.21175 -2.5741
Lc[1869]  -7.2053 4.51558 -8.86748
Lc[1870]  12.6447 -5.52484 9.92201
Lc[1871]  -1.57739 3.62055 2.44207
Lc[1872]  -1.53042 4.40725 4.91563
Lc[1873]  0.745287 -1.08031 -5.56583
Lc[1874]  -1.319 -1.64504 4.45461
Lc[1875]  0.923824 -0.910015 2.41287
Lc[1876]  1.73905 -2.05749 4.11609
Lc[1877]  -0.0441687 0.194547 0.135573
Lc[1878]  1.26851 -5.54541 -10.3178
Lc[1879]  1.59316 -7.54186 -13.7904
Lc[1880]  0.244921 -0.252806 -2.82706
Lc[1881]  0.478647 -1.15728 2.06423
Lc[1882]  -0.105889 -0.063477 0.455707
Lc[1883]  2.50017 -0.837401 5.3897
Lc[1884]  1.07386 -2.14167 1.23476
Lc[1885]  -1.80381 0.390396 -4.40913
Lc[1886]  -0.460374 1.11551 1.8595
Lc[1887]  10.3033 7.82976 -10.5818
Lc[1888]  -3.63321 2.24836 6.38432
Lc[1889]  -0.685074 1.94795 5.95987
Lc[1890]  -0.0499712 1.79526 1.54388
Lc[1891]  -0.254342 4.92591 5.04059
Lc[1892]  0.225902 -2.12206 -4.84954
Lc[1893]  2.50703 -2.53988 -3.96539
Lc[1894]  0.633402 -2.68327 -5.20108
Lc[1895]  -0.0781351 0.338116 0.341509
Lc[1896]  -0.783402 3.82524 6.27038
Lc[1897]  1.23503 -5.64896 7.7197
Lc[1898]  0.0250545 3.10296 3.84466
Lc[1899]  0.0214316 -0.0711967 0.239567
Lc[1900]  -0.935167 2.17813 6.5192
Lc[1901]  3.96752 -4.41603 -3.53314
Lc[1902]  -2.66625 3.10765 3.17518
Lc[1903]  -0.0553049 0.252097 0.0510038
Lc[1904]  -2.30386 2.59787 6.06066
Lc[1905]  -3.44646 5.53839 9.37683
Lc[1906]  0.0503985 1.73431 2.88942
Lc[1907]  0.269056 0.964055 1.95036
Lc[1908]  -0.764128 -0.299625 -1.86383
Lc[1909]  -0.979967 1.95279 2.75523
Lc[1910]  0.967168 -1.81095 -7.64075
Lc[1911]  -0.617083 0.21778 -1.78255
Lc[1912]  -1.66025 1.58593 7.63832
Lc[1913]  -0.0831846 0.101257 0.137718
Lc[1914]  0.480925 1.17394 2.15986
Lc[1915]  -3.16644 2.82711 -5.89121
Lc[1916]  1.5205 4.62784 -0.74821
Lc[1917]  -0.108751 -0.0208189 -0.353591
Lc[1918]  3.24284 -0.968119 5.53799
Lc[1919]  -0.440623 0.072417 4.23221
Lc[1920]  1.14809 -0.559547 1.54432
Lc[1921]  -1.48734 1.608 2.34391
Lc[1922]  0.183974 -0.717819 -2.01753
Lc[1923]  0.775719 0.369048 0.70468
Lc[1924]  -3.00361 7.18764 -2.8699
Lc[1925]  2.02848 0.0176979 3.23251
Lc[1926]  4.0209 -0.218577 7.39088
Lc[1927]  3.20487 -2.21397 3.30881
Lc[1928]  -1.67017 2.24555 6.18325
Lc[1929]  2.03555 0.342655 3.69559
Lc[1930]  1.93338 -0.61722 -2.02063
Lc[1931]  -0.709173 1.99349 3.81285
Lc[1932]  0.672739 0.445167 1.1114
Lc[1933]  -14.6258 9.12029 -18.2742
Lc[1934]  -2.48716 5.19134 -6.67757
Lc[1935]  -0.683974 0.681235 -2.03472
Lc[1936]  -1.28989 0.99325 -3.76585
Lc[1937]  -2.0648 0.206029 10.4442
Lc[1938]  5.18495 -4.09433 -8.04314
Lc[1939]  0.344251 -0.426015 -0.752564
Lc[1940]  -0.126898 3.30231 14.3991
Lc[1941]  -0.724853 1.00569 3.20262
Lc[1942]  1.43282 -1.5395 -6.51564
Lc[1943]  -0.24908 0.456391 1.48642
Lc[1944]  -0.29059 0.372535 1.42484
Lc[1945]  1.30922 1.51332 3.27697
Lc[1946]  -0.62932 -0.220542 1.99425
Lc[1947]  0.164083 0.277979 1.78159
Lc[1948]  -7.77154 0.959926 -0.208588
Lc[1949]  -3.48986 1.80307 7.01727
Lc[1950]  0.130277 -1.73757 3.1579
Lc[1951]  -7.71066 5.43077 15.2014
Lc[1952]  1.01857 -1.7846 -6.80358
Lc[1953]  -0.431505 3.32136 8.13878
Lc[1954]  -0.0594886 3.05166 -17.5281
Lc[1955]  -0.582825 -0.0289696 -1.39647
Lc[1956]  -0.828135 0.846146 -2.21193
Lc[1957]  23.3276 22.1898 16.2693
Lc[1958]  5.72773 30.9696 29.0373
Lc[1959]  -1.38754 0.672219 4.77474
Lc[1960]  -0.889801 0.932572 3.66975
Lc[1961]  -0.149369 0.209125 0.6853
Lc[1962]  0.158432 -0.29181 -1.16109
Lc[1963]  0.292034 0.0781551 0.269574
Lc[1964]  0.514621 -0.100393 0.974502
Lc[1965]  2.88946 -1.53764 5.65261
Lc[1966]  -0.305549 -1.35191 5.26659
Lc[1967]  1.739 0.317155 -7.15846
Lc[1968]  15.6286 0.886612 -19.1024
Lc[1969]  0.842738 -1.52211 -5.20034
Lc[1970]  -0.1065 -2.02084 -13.3279
Lc[1971]  0.196951 -0.292215 -2.18047
Lc[1972]  -4.85732 10.6247 -16.6113
Lc[1973]  -3.87196 -1.07298 10.8953
Lc[1974]  0.0106358 -2.50574 5.44646
Lc[1975]  0.489763 -0.121385 -1.48545
Lc[1976]  -0.284427 0.104016 1.01128
Lc[1977]  -0.558447 1.15443 3.96403
Lc[1978]  -0.320739 0.831585 2.72033
Lc[1979]  -0.327534 1.18322 4.05698
Lc[1980]  0.864292 1.02693 3.15462
Lc[1981]  0.72552 1.79939 -3.97477
Lc[1982]  1.22832 0.467428 2.51045
Lc[1983]  0.632213 0.1061 1.37632
Lc[1984]  -1.91407 0.0634643 2.85874
Lc[1985]  1.47813 -1.48697 -4.3638
Lc[1986]  -1.21592 0.960035 3.94834
Lc[1987]  0.541483 1.36181 3.27089
Lc[1988]  -11.2223 -3.28659 -8.19222
Lc[1989]  -6.01645 -5.473 -9.88276
Lc[1990]  -4.73311 -4.04019 -13.5248
Lc[1991]  0.160308 -0.906418 -2.99665
Lc[1992]  0.589902 1.7995 5.11928
Lc[1993]  -1.70704 -0.774625 3.47898
Lc[1994]  2.79839 1.45395 5.70727
Lc[1995]  2.23725 2.22044 0.0437768
Lc[1996]  0.20042 -0.959848 4.46666
Lc[1997]  -0.0500428 0.181266 -0.861448
Lc[1998]  0.751284 1.21832 2.51994
Lc[1999]  -0.222982 0.193633 -1.31216
Lc[2000]  -0.0850218 0.0296061 0.319143
Lc[2001]  -0.108872 1.41341 -5.73037
Lc[2002]  1.36999 0.820591 2.7775
Lc[2003]  1.37803 -0.699428 -3.14128
Lc[2004]  -0.00457638 0.0615995 -0.610979
Lc[2005]  0.398588 -1.0384 4.10405
Lc[2006]  0.348729 0.0910746 -0.530872
Lc[2007]  -4.18314 4.44877 12.197
Lc[2008]  -1.13371 0.350735 4.961
Lc[2009]  -0.43365 0.337425 2.46019
Lc[2010]  0.544534 0.39794 1.36399
Lc[2011]  0.0775826 0.00261087 -0.00309481
Lc[2012]  0.266488 -0.314458 0.965378
Lc[2013]  -0.370045 0.12736 -0.746701
Lc[2014]  0.0893426 -0.0871539 0.308045
Lc[2015]  1.88472 -0.231068 3.05174
Lc[2016]  -2.22182 0.432407 2.95861
Lc[2017]  -0.330336 -0.0105822 0.887548
Lc[2018]  1.32216 -1.03983 -5.5172
Lc[2019]  1.61049 2.76789 9.99549
Lc[2020]  -0.382857 -0.187119 2.54278
Lc[2021]  -2.49464 -0.293773 -4.23618
Lc[2022]  0.0108072 -0.341503 -1.05671
Lc[2023]  -3.0813 -2.8345 -3.0423
Lc[2024]  1.19214 3.17128 2.02689
Lc[2025]  2.40511 0.318052 5.01526
Lc[2026]  0.315604 1.18107 1.485
Lc[2027]  -0.841144 0.270446 2.81434
Lc[2028]  -0.206986 0.116744 0.80147
Lc[2029]  0.957224 -0.674633 -3.66883
Lc[2030]  -4.51902 -4.29822 -7.62857
Lc[2031]  -2.92333 -3.63393 -4.90776
Lc[2032]  0.922157 1.91446 1.52824
Lc[2033]  -0.164546 -0.125354 1.31746
Lc[2034]  3.51796 12.2214 -15.3414
Lc[2035]  -2.03309 0.515159 3.97257
Lc[2036]  -1.56547 0.496271 4.72085
Lc[2037]  1.25498 -0.79927 -5.01367
Lc[2038]  1.51832 -0.433055 -6.32337
Lc[2039]  1.2937 1.01297 2.43589
Lc[2040]  1.4463 1.75278 4.02884
Lc[2041]  -1.09128 -1.98551 -3.49961
Lc[2042]  -0.174166 -0.726948 -0.626987
Lc[2043]  2.83707 2.80055 -8.11432
Lc[2044]  -0.326095 0.0702316 -0.606842
Lc[2045]  0.235821 0.0993622 -0.585429
Lc[2046]  -1.66968 -0.0784063 3.73984
Lc[2047]  -0.400124 0.962658 3.20451
Lc[2048]  0.0402356 -0.0311573 -0.12926
Lc[2049]  -0.971993 0.902894 4.968
Lc[2050]  -0.40568 0.108343 -2.32344
Lc[2051]  -0.134373 -1.22521 -2.95889
Lc[2052]  -0.0314739 -3.01775 7.68042
Lc[2053]  -0.385126 -0.395345 0.551568
Lc[2054]  -0.941741 0.520409 3.75159
Lc[2055]  0.177372 0.413666 2.63494
Lc[2056]  3.08277 1.94275 8.09158
Lc[2057]  2.02971 1.05365 2.4998
Lc[2058]  -0.558104 -0.59417 -4.32299
Lc[2059]  -6.01471 -2.64412 -6.76266
Lc[2060]  0.0266395 1.59163 3.77638
Lc[2061]  -0.103476 1.36206 1.94978
Lc[2062]  0.0197426 0.0470234 0.0614853
Lc[2063]  -22.5694 -7.38134 33.2098
Lc[2064]  1.78488 -0.0404756 5.74038
Lc[2065]  3.32688 5.5919 -2.43099
Lc[2066]  -3.53047 0.795392 7.02884
Lc[2067]  -8.94936 13.709 12.964
Lc[2068]  1.7991 3.08374 9.50259
Lc[2069]  0.711763 0.837305 2.23773
Lc[2070]  -0.865508 -2.01218 -4.12603
Lc[2071]  0.673529 3.03853 3.14948
Lc[2072]  0.718831 0.988779 0.704368
Lc[2073]  -1.77572 -0.0233763 2.53587
Lc[2074]  0.145997 0.0279137 -0.311756
Lc[2075]  -0.879756 0.403204 3.7255
Lc[2076]  -0.146042 0.14492 0.772651
Lc[2077]  0.098727 -0.0938472 -0.537789
Lc[2078]  0.399279 0.196433 4.7726
Lc[2079]  -1.57068 -0.49889 -0.675387
Lc[2080]  -0.398768 -1.3686 -3.18152
Lc[2081]  1.29981 2.52681 3.02513
Lc[2082]  1.08946 2.14122 1.86427
Lc[2083]  0.042415 1.71038 1.70772
Lc[2084]  -0.624219 -0.0485582 1.11485
Lc[2085]  0.498635 0.0448122 -1.11562
Lc[2086]  1.7341 -0.303277 -3.64741
Lc[2087]  0.0522183 -0.116223 -2.02293
Lc[2088]  -0.451019 0.245926 4.69608
Lc[2089]  1.10793 -9.01582 -14.1608
Lc[2090]  0.431074 1.94761 3.37539
Lc[2091]  1.16991 1.62406 1.40966
Lc[2092]  2.03019 1.37924 4.54489
Lc[2093]  0.0907318 -1.00451 2.8106
Lc[2094]  -0.549569 -0.0804713 1.06666
Lc[2095]  -0.937334 0.439658 4.14964
Lc[2096]  3.05046 0.819391 4.36786
Lc[2097]  0.719181 2.04473 3.50629
Lc[2098]  2.04759 2.54715 5.41511
Lc[2099]  2.46015 2.33602 3.3608
Lc[2100]  1.98076 1.72534 2.03253
Lc[2101]  4.26562 0.979796 9.82123
Lc[2102]  -2.217 0.0375207 2.44565
Lc[2103]  -0.14684 -0.0128823 0.283006
Lc[2104]  -0.0890483 0.0600553 0.734719
Lc[2105]  1.54728 0.175732 4.16054
Lc[2106]  -0.755555 -3.2266 -9.0762
Lc[2107]  -0.212927 -0.372731 -0.709844
Lc[2108]  -0.349887 2.29816 3.96767
Lc[2109]  0.346168 -0.215333 3.72774
Lc[2110]  -0.444562 -0.0608609 0.589954
Lc[2111]  -1.74702 -0.417356 4.59885
Lc[2112]  -0.059665 -0.00178371 0.215357
Lc[2113]  -0.0527783 0.684177 10.4361
Lc[2114]  0.322274 -0.820369 3.31294
Lc[2115]  0.42247 0.0104811 0.725852
Lc[2116]  1.29652 1.09697 4.12682
Lc[2117]  -11.0973 -6.25316 -12.9008
Lc[2118]  0.094178 -0.450506 -0.876922
Lc[2119]  0.075503 1.11796 2.37448
Lc[2120]  -0.860461 -0.15931 1.45651
Lc[2121]  0.446361 0.0727862 -0.962173
Lc[2122]  0.231116 -0.0738694 -0.508099
Lc[2123]  0.295044 0.0367199 -0.566195
Lc[2124]  -4.21423 -0.555014 10.2585
Lc[2125]  -0.703044 -0.171104 3.30833
Lc[2126]  -0.136441 0.400237 -0.73188
Lc[2127]  -0.585101 -1.00751 -2.42449
Lc[2128]  0.396121 0.543331 1.52714
Lc[2129]  -0.026711 -0.488913 2.04592
Lc[2130]  -0.297071 -0.0399652 2.02341
Lc[2131]  1.33015 -0.472143 4.45401
Lc[2132]  4.72685 -0.0914315 7.3
Lc[2133]  -2.15302 -0.72097 -1.55242
Lc[2134]  -0.0378195 -0.112975 -0.440869
Lc[2135]  -0.343437 1.50895 5.1767
Lc[2136]  1.23258 1.84418 8.5568
Lc[2137]  -1.60307 -1.56225 0.260506
Lc[2138]  -1.01515 5.69797 -2.18736
Lc[2139]  2.01048 -0.460421 3.40071
Lc[2140]  1.65372 3.69697 -1.54546
Lc[2141]  1.18173 -0.0145965 -1.61773
Lc[2142]  -1.60442 -0.543809 2.92237
Lc[2143]  0.533661 -0.28734 1.0101
Lc[2144]  1.81245 0.731259 6.26588
Lc[2145]  1.37509 0.774795 2.86397
Lc[2146]  2.40985 -0.655874 2.99845
Lc[2147]  -1.50731 -0.590204 3.33442
Lc[2148]  0.109195 0.0480977 -0.516313
Lc[2149]  -0.617436 -0.636731 2.36824
Lc[2150]  3.91303 -1.71822 5.99482
Lc[2151]  -6.9148 -2.93982 -11.1963
Lc[2152]  0.190374 -0.415701 -0.160956
Lc[2153]  0.241401 0.18197 1.52666
Lc[2154]  -0.256523 0.0229625 -1.16471
Lc[2155]  0.26573 0.103665 1.81688
Lc[2156]  0.0202423 -0.484003 1.08973
Lc[2157]  1.68703 0.551392 3.14991
Lc[2158]  -0.117414 -1.3134 4.55068
Lc[2159]  2.00797 -3.09951 5.02265
Lc[2160]  -0.0184667 0.119035 1.08797
Lc[2161]  0.866823 -0.0118487 2.17567
Lc[2162]  0.563102 -0.430457 0.992319
Lc[2163]  -0.460917 -0.111472 0.750519
Lc[2164]  0.552316 -1.21066 1.84635
Lc[2165]  -0.167415 -0.378585 1.00503
Lc[2166]  -4.40943 -0.748258 -4.33631
Lc[2167]  0.599601 -2.46798 4.55177
Lc[2168]  0.932607 -1.19164 3.94318
Lc[2169]  5.07369 -4.66455 6.43265
Lc[2170]  -0.0334678 -0.0288441 -0.853863
Lc[2171]  5.269 8.03031 29.4616
Lc[2172]  -0.540574 21.3142 9.74098
Lc[2173]  -0.649349 10.1561 2.11773
Lc[2174]  -0.99648 13.4227 4.03594
Lc[2175]  -1.67479 11.6038 3.13577
Lc[2176]  -1.01226 7.73513 2.43178
Lc[2177]  -3.60718 9.27641 3.56978
Lc[2178]  13.6099 13.8439 11.2446
Lc[2179]  -0.145691 1.12533 -0.0711
Lc[2180]  -0.12158 5.52759 -0.0382993
Lc[2181]  6.35996 15.6224 2.94749
Lc[2182]  -0.0175757 2.67504 -0.317159
Lc[2183]  0.0185241 4.27527 -0.572989
Lc[2184]  0.0036002 2.98485 -0.308429
Lc[2185]  1.51471 13.0157 -6.87861
Lc[2186]  0.302077 14.5293 -7.94628
Lc[2187]  0.795979 10.5168 -6.15535
Lc[2188]  3.33839 11.7677 -1.32201
Lc[2189]  0.2419 1.34112 -1.68309
Lc[2190]  0.227354 1.16884 -1.40121
Lc[2191]  -0.603397 -1.78587 1.93483
Lc[2192]  -1.01205 6.33101 -1.61675
Lc[2193]  0.0301907 -0.184107 0.135847
Lc[2194]  -0.314221 0.883652 -1.36736
Lc[2195]  -4.69955 -3.2768 3.5331
Lc[2196]  -0.547395 3.29411 0.238601
Lc[2197]  1.00198 -1.16141 0.49028
Lc[2198]  -1.55503 -10.7375 6.84691
Lc[2199]  0.01216 1.33978 0.0220904
Lc[2200]  -2.40411 5.74593 -0.643813
Lc[2201]  -0.37256 -0.844251 0.991825
Lc[2202]  -0.828739 -11.7201 7.96516
Lc[2203]  -0.900955 -9.08925 6.17257
Lc[2204]  -2.75752 -8.92569 5.51417
Lc[2205]  -0.149118 2.11467 0.0286036
Lc[2206]  25.2261 18.2382 20.2502
Lc[2207]  0.434918 2.69613 0.00935471
Lc[2208]  4.15957 -9.95096 4.95877
Lc[2209]  0.552225 -8.34136 4.01844
Lc[2210]  -0.012231 -2.87651 0.374326
Lc[2211]  -7.66121 -14.4351 2.11594
Lc[2212]  3.81791 8.47121 1.87227
Lc[2213]  1.48474 4.22684 -0.59371
Lc[2214]  -7.35329 8.1213 2.38286
Lc[2215]  0.0239416 -2.45952 0.268473
Lc[2216]  -0.194501 -3.81561 0.409146
Lc[2217]  -1.24377 -6.21867 -0.266774
Lc[2218]  -5.7375 -6.27194 -2.14065
Lc[2219]  -2.60469 8.07824 1.39691
Lc[2220]  -0.0972117 2.34303 -0.0272435
Lc[2221]  0.231433 -2.74815 0.268033
Lc[2222]  4.44749 11.0869 8.87615
Lc[2223]  -0.00232312 -0.0294485 -0.00275068
Lc[2224]  -4.01384 -6.71645 -2.38306
Lc[2225]  -0.426801 7.32608 -1.41662
Lc[2226]  -0.646869 2.61331 0.829892
Lc[2227]  0.0771847 2.51594 0.165117
Lc[2228]  -0.00432337 0.193066 0.00424605
Lc[2229]  0.488116 7.13657 -1.97028
Lc[2230]  1.41896 10.076 -1.74978
Lc[2231]  1.84039 -1.17611 -0.533012
Lc[2232]  -0.000925346 0.0293648 0.000699708
Lc[2233]  5.633 8.20404 3.30201
Lc[2234]  -1.54581 10.6349 -12.3499
Lc[2235]  -1.89843 -34.1181 7.4761
Lc[2236]  -0.635017 3.62162 0.339105
Lc[2237]  -1.30589 4.54701 0.822941
Lc[2238]  9.26589 18.3077 17.8011
Lc[2239]  0.0564576 1.95511 0.0991324
Lc[2240]  6.45775 -13.1734 -0.201835
Lc[2241]  0.00620457 -0.208372 -0.00442402
Lc[2242]  1.04256 9.25873 0.434244
Lc[2243]  2.69053 -32.2784 1.03522
Lc[2244]  -0.516628 2.87607 0.0589649
Lc[2245]  -0.0111633 0.101163 0.0194312
Lc[2246]  -2.79158 8.03323 0.0603862
Lc[2247]  -2.95051e-005 -0.601756 -0.0218886
Lc[2248]  5.64586 -21.8449 -2.95251
Lc[2249]  -2.27833 -7.09828 1.67186
Lc[2250]  -1.21034 3.16014 0.11131
Lc[2251]  11.6226 19.6833 12.2961
Lc[2252]  -2.87332 -3.44212 -1.69107
Lc[2253]  1.34263 6.8669 -0.043476
Lc[2254]  -2.15307 10.7685 0.299223
Lc[2255]  0.958847 6.73011 -0.182076
Lc[2256]  -0.584797 3.2956 -0.400221
Lc[2257]  0.887086 1.66512 -0.871768
Lc[2258]  -0.00693623 0.302323 0.00191885
Lc[2259]  21.5053 3.62015 -18.8257
Lc[2260]  0.038651 -0.906546 -0.0319884
Lc[2261]  -0.000868238 0.0359609 0.00126374
Lc[2262]  0.965228 8.84811 0.848474
Lc[2263]  -0.912587 1.76302 0.119436
Lc[2264]  -0.000160995 0.217752 -0.0060776
Lc[2265]  -2.06635 9.77103 1.17636
Lc[2266]  0.00143684 -0.0379161 -0.00216147
Lc[2267]  -1.75831 -5.93391 -0.752803
Lc[2268]  5.396 7.71428 1.27562
Lc[2269]  3.37337 4.7029 -0.191342
Lc[2270]  -1.66428 -17.6171 -0.370691
Lc[2271]  20.7186 17.2872 8.49958
Lc[2272]  0.831926 4.63377 0.0892941
Lc[2273]  0.0224634 0.688315 -0.00971197
Lc[2274]  0.143336 4.19799 -0.24532
Lc[2275]  -3.04615 -7.39583 -0.036167
Lc[2276]  -0.511281 1.64147 -0.291519
Lc[2277]  -1.05965 2.51695 -0.339718
Lc[2278]  -0.258445 5.01761 -2.17789
Lc[2279]  2.39395 12.0164 -4.25477
Lc[2280]  -0.00272198 -0.334596 -0.00812996
Lc[2281]  -4.82866 -29.5607 -10.1663
Lc[2282]  -1.23472 2.37455 -0.318134
Lc[2283]  27.6524 1.90217 5.41051
Lc[2284]  8.25117 11.0836 0.0797293
Lc[2285]  0.515406 -2.07723 -0.0690822
Lc[2286]  -0.00163679 0.101117 0.000937954
Lc[2287]  0.295101 -14.8967 0.82391
Lc[2288]  -0.875134 2.4288 -0.576642
Lc[2289]  -0.704914 1.53278 -0.463279
Lc[2290]  -0.0994263 4.31456 -0.942834
Lc[2291]  2.60759 -17.3958 5.03789
Lc[2292]  4.60493 4.84696 -1.65929
Lc[2293]  4.59894 9.45795 -1.17321
Lc[2294]  1.96186 7.50202 -1.53682
Lc[2295]  -0.203156 6.97427 0.77614
Lc[2296]  -0.0947362 2.33394 -0.0185325
Lc[2297]  0.466837 4.7335 0.541941
Lc[2298]  -0.543808 1.68886 -0.40775
Lc[2299]  -3.06399 -19.8536 5.43466
Lc[2300]  -23.5483 11.2044 13.9437
Lc[2301]  -0.698967 3.01179 -0.250025
Lc[2302]  0.332812 -0.120318 0.153331
Lc[2303]  -0.786895 2.48156 -0.978585
Lc[2304]  -1.79788 2.80338 -0.989777
Lc[2305]  0.602523 1.88611 -1.56143
Lc[2306]  0.520175 3.74339 -0.298335
Lc[2307]  5.6933 11.6041 -0.129766
Lc[2308]  -17.7335 29.834 -3.25075
Lc[2309]  3.25226 4.85399 -2.68702
Lc[2310]  -1.24106 1.95548 -1.16649
Lc[2311]  1.74344 -2.6247 2.14908
Lc[2312]  -0.133314 -0.916644 0.203064
Lc[2313]  0.0162326 0.951963 -0.0281277
Lc[2314]  -20.3826 -30.4229 -0.436422
Lc[2315]  -2.48081 2.3123 -0.67682
Lc[2316]  7.48952 -14.2107 2.32161
Lc[2317]  -4.86622 -10.7033 3.01276
Lc[2318]  -1.42555 4.50391 -3.57394
Lc[2319]  7.17498 15.1881 -4.75935
Lc[2320]  1.27051 21.4087 -1.73994
Lc[2321]  -1.1459 -1.62789 1.14273
Lc[2322]  4.45001 10.7368 -5.30562
Lc[2323]  1.07547 6.57073 -0.782139
Lc[2324]  -1.52316 3.50127 -1.8118
Lc[2325]  -0.0273287 -0.484489 0.0271115
Lc[2326]  -2.14785 -7.76661 2.53647
Lc[2327]  -3.57903 -4.43307 2.15085
Lc[2328]  1.22047 5.95036 -0.321852
Lc[2329]  -1.88165 2.75748 -0.751923
Lc[2330]  0.293642 0.138301 0.219568
Lc[2331]  4.18898 7.78347 0.033134
Lc[2332]  -0.00361544 0.11154 -0.0040125
Lc[2333]  -1.08194 -3.82177 2.15916
Lc[2334]  -2.65062 4.39613 -3.6922
Lc[2335]  3.20234 6.3023 -6.65241
Lc[2336]  0.811978 -2.32042 0.805518
Lc[2337]  -3.88433 -3.99621 3.95721
Lc[2338]  1.01998 4.18531 -0.228132
Lc[2339]  -3.71318 -15.0666 -4.11588
Lc[2340]  -0.00459074 0.203237 -0.0124549
Lc[2341]  0.335467 1.1377 -0.115912
Lc[2342]  4.46581 5.0183 1.08623
Lc[2343]  1.07079 1.76066 -1.1045
Lc[2344]  0.742933 4.74858 -1.73517
Lc[2345]  -1.94297 -2.85626 1.88547
Lc[2346]  0.00828198 0.115383 -0.00953978
Lc[2347]  -3.21336 -106.346 -45.3193
Lc[2348]  2.91621 9.9204 3.51365
Lc[2349]  0.338229 -1.22739 -0.0756113
Lc[2350]  -5.77902 -14.4174 3.20224
Lc[2351]  -0.256553 3.25005 -0.186572
Lc[2352]  -2.95317 7.14302 -1.08105
Lc[2353]  1.02255 2.51635 -1.65149
Lc[2354]  -1.74739 5.58265 -6.66794
Lc[2355]  5.26475 4.0257 -0.988398
Lc[2356]  0.697263 3.79532 -4.43461
Lc[2357]  2.79218 4.47599 0.545599
Lc[2358]  0.893885 2.56011 -4.07684
Lc[2359]  -0.239402 -0.542405 -0.119137
Lc[2360]  3.8249 5.077 -4.8697
Lc[2361]  0.443338 3.76279 0.800862
Lc[2362]  -17.1269 -19.2556 -12.2704
Lc[2363]  2.05734 10.33 3.79488
Lc[2364]  10.5394 8.42244 -6.99686
Lc[2365]  0.911219 1.35539 -2.08284
Lc[2366]  1.10496 3.06232 0.955789
Lc[2367]  -1.50693 -9.4917 -2.67408
Lc[2368]  -5.35995 6.25644 -3.29714
Lc[2369]  2.93093 4.72637 2.62713
Lc[2370]  0.614621 1.53265 0.292619
Lc[2371]  -8.20228 -3.78939 0.110908
Lc[2372]  2.10993 2.06392 -1.68573
Lc[2373]  0.487108 2.92773 -0.0976657
Lc[2374]  -0.0208247 -1.46326 0.116937
Lc[2375]  -0.00739337 0.484562 -0.0298831
Lc[2376]  -3.93921 11.1923 -4.19839
Lc[2377]  -2.49724 5.14781 -2.02863
Lc[2378]  3.13762 9.79794 1.8272
Lc[2379]  1.55845 2.48519 0.750762
Lc[2380]  3.14301 2.17868 -0.789433
Lc[2381]  2.4964 2.18101 -0.311405
Lc[2382]  -0.45507 -0.529557 0.134737
Lc[2383]  -1.61916 6.86028 -4.90907
Lc[2384]  0.011904 0.281389 -0.383516
Lc[2385]  -12.1278 -5.69994 7.49525
Lc[2386]  0.212012 0.176981 -0.141152
Lc[2387]  20.505 19.2041 4.16612
Lc[2388]  0.00382442 0.432916 -0.0135866
Lc[2389]  0.00175816 -0.127949 0.00325105
Lc[2390]  -1.71573 4.68341 -0.623274
Lc[2391]  4.22919 -9.09777 -0.0618305
Lc[2392]  -0.833429 5.99441 -2.54591
Lc[2393]  -0.38811 -0.135965 -1.35399
Lc[2394]  2.05662 6.44804 -7.06092
Lc[2395]  -1.51799 -2.61086 3.72249
Lc[2396]  2.55316 3.18616 -1.52632
Lc[2397]  1.21648 0.94557 -0.816414
Lc[2398]  4.03669 10.0694 -0.567088
Lc[2399]  -0.15257 3.29882 0.0993542
Lc[2400]  -0.731426 21.0568 -0.57175
Lc[2401]  -5.57868 13.9913 -19.9505
Lc[2402]  0.658125 1.72604 -2.01475
Lc[2403]  -0.796114 -1.08345 0.177231
Lc[2404]  1.28553 2.7644 0.257704
Lc[2405]  1.18329 3.04837 -6.85158
Lc[2406]  0.0202201 -0.181225 0.0206812
Lc[2407]  -5.81133 -4.23187 -28.9268
Lc[2408]  -0.661543 8.72242 -2.56515
Lc[2409]  1.09753 3.26709 -0.0509094
Lc[2410]  0.769812 3.17052 -0.0951572
Lc[2411]  8.63344 -2.38959 -14.8198
Lc[2412]  1.43362 -0.756749 -19.9112
Lc[2413]  0.0202832 -0.685094 -0.11446
Lc[2414]  -3.17088 9.60313 -14.15
Lc[2415]  -2.5196 -4.79062 -0.371038
Lc[2416]  0.915704 2.1064 0.336155
Lc[2417]  2.63133 2.68769 0.881928
Lc[2418]  3.47926 4.61354 0.561098
Lc[2419]  0.72673 2.44824 -0.48326
Lc[2420]  -0.0160599 0.808252 -0.0561662
Lc[2421]  -0.101042 3.62104 -0.628447
Lc[2422]  0.00266732 0.533903 -0.0263619
Lc[2423]  -4.46213 9.02451 -16.9447
Lc[2424]  -2.89964 -4.75911 0.959111
Lc[2425]  0.346092 1.1994 -0.625047
Lc[2426]  -0.720715 -2.70183 3.59457
Lc[2427]  -0.550253 -3.34878 5.42774
Lc[2428]  1.69084 1.91174 -0.168622
Lc[2429]  2.92862 5.22624 -0.641642
Lc[2430]  1.93656 9.04204 -6.45426
Lc[2431]  -0.738372 8.1095 -2.53034
Lc[2432]  0.915859 1.82366 -1.7867
Lc[2433]  -2.81851 7.60642 2.02006
Lc[2434]  0.368637 0.526747 -0.267077
Lc[2435]  0.654736 0.710962 0.0805711
Lc[2436]  19.9381 6.48953 -9.4782
Lc[2437]  5.69949 3.79756 -5.06815
Lc[2438]  -6.00159 12.3409 -20.2634
Lc[2439]  3.925 3.11098 -8.304
Lc[2440]  0.457246 1.32866 -0.629734
Lc[2441]  1.07535 2.74055 -0.684619
Lc[2442]  0.30621 0.602006 -0.423746
Lc[2443]  5.81331 12.2576 -2.95848
Lc[2444]  -0.0380592 2.52694 -0.288372
Lc[2445]  -0.104348 3.62982 -0.620258
Lc[2446]  -0.757742 0.138685 -2.25138
Lc[2447]  0.496652 4.37122 -2.62629
Lc[2448]  -0.522888 -0.534982 -0.186705
Lc[2449]  1.44813 1.55143 -0.0216466
Lc[2450]  1.35589 1.29599 -0.476689
Lc[2451]  1.22109 6.12696 -1.43168
Lc[2452]  -0.128877 8.77181 -3.45926
Lc[2453]  -0.923078 9.05987 -4.35972
Lc[2454]  1.94257 6.58654 -2.38773
Lc[2455]  0.720427 5.6839 -1.56061
Lc[2456]  -1.57824 13.8979 -6.69204
Lc[2457]  -3.70403 2.55524 0.832212
Lc[2458]  -3.75285 6.04808 1.74337
Lc[2459]  -26.5812 12.438 6.86862
Lc[2460]  -5.08044 2.97483 1.31383
Lc[2461]  -2.31329 7.04335 3.88101
Lc[2462]  -3.69199 5.93005 2.06404
Lc[2463]  -12.647 25.8787 12.8638
Lc[2464]  -6.92047 16.8085 10.9182
Lc[2465]  -19.7976 25.9556 44.3346
Lc[2466]  -1.00688 -0.624896 -2.28872
Lc[2467]  -0.834422 -0.0677934 1.37538
Lc[2468]  3.53659 5.78796 8.44697
Lc[2469]  3.45355 4.5174 14.1463
Lc[2470]  -0.601184 3.40854 2.73138
Lc[2471]  -1.33701 5.04587 2.18251
Lc[2472]  -7.0402 8.87074 2.27378
Lc[2473]  -0.158153 2.41861 3.11172
Lc[2474]  -1.80729 5.73653 2.95664
Lc[2475]  -1.43998 14.8971 10.5277
Lc[2476]  3.78442 3.84423 14.0264
Lc[2477]  12.7068 19.2434 7.06892
Lc[2478]  -4.91997 4.49529 1.42801
Lc[2479]  -0.0288995 0.445095 -0.665308
Lc[2480]  1.26928 -0.0426483 -1.45243
Lc[2481]  -0.350395 3.71321 3.44691
Lc[2482]  -2.58457 2.31523 0.930464
Lc[2483]  -6.99061 5.42606 2.43512
Lc[2484]  1.40192 -2.57211 -1.55175
Lc[2485]  -1.3697 7.44954 1.78373
Lc[2486]  -2.14383 1.17551 0.483305
Lc[2487]  -1.86523 5.6118 1.71392
Lc[2488]  0.0041123 3.65393 2.72429
Lc[2489]  0.407378 5.45028 1.69496
Lc[2490]  0.489093 3.25486 4.44053
Lc[2491]  -4.87898 1.66522 0.592573
Lc[2492]  -9.80028 9.84666 4.19819
Lc[2493]  -0.379505 5.90181 2.84133
Lc[2494]  -0.942542 1.61182 0.68793
Lc[2495]  0.250766 1.79244 2.79313
Lc[2496]  -1.62641 4.38141 1.51668
Lc[2497]  -1.75696 -0.864024 2.53535
Lc[2498]  -0.703951 7.85528 1.80143
Lc[2499]  -23.8728 4.64822 12.2505
Lc[2500]  0.61421 1.4888 1.68448
Lc[2501]  -0.286735 10.6752 4.44486
Lc[2502]  -0.709799 -1.54694 -0.0132515
